[18.094137, 2.9830067, 4.9272447]
[38.083633, 3.265606, 4.509778]
[50.090397, 3.3666725, 3.3316522]
[59.413208, 3.5604413, 4.886854]
[65.89754, 3.0341396, 2.5781374]
[80.25891, 3.1349723, 4.5599174]
[95.51627, 3.3180447, 0.37724212]
[103.54141, 3.1840296, -1.8314848]
[112.192154, 3.170557, 2.9168448]
[130.44194, 3.4805968, -2.1757536]
[137.14287, 3.264698, -2.875724]
[138.42703, 3.149721, -1.95387]
[164.5199, 3.6900644, -4.7985744]
[172.22652, 3.1187987, -5.0530267]
[179.95961, 3.3332155, -5.2583647]
[191.74434, 3.9030695, -7.1729555]
[194.60493, 3.2807639, -5.6838303]
[200.13637, 3.3810744, -6.164813]
[207.00378, 3.9595804, -7.8503304]
[209.94073, 3.3851569, -4.1848164]
[213.26678, 3.2697732, -5.8859344]
[224.8585, 3.8313146, -7.1482773]
[231.3677, 3.437613, -0.72499394]
[231.90326, 3.3816137, -5.045966]
[249.67711, 3.5587454, -4.943934]
[253.82896, 3.0645392, 4.9516783]
[256.51395, 3.1921964, -3.4052725]
[277.8313, 3.0717437, 1.0391296]
[283.31412, 2.9806721, -1.5716418]
[293.2037, 2.8679833, 2.2271264]
[302.0164, 3.3986876, 2.051366]
[310.71326, 3.4455738, 2.5781736]
[311.6923, 3.3895862, 2.3201194]
[321.12772, 3.9096694, 3.0447898]
[325.9523, 3.6972754, 3.5345397]
[339.39047, 3.805613, 4.3114033]
