288.248 2.125 1.0
288.248 2.375 1.0
288.248 2.625 -1.0
288.248 2.875 -1.0
288.248 3.125 -2.0
288.248 3.375 -2.0
288.248 3.625 -1.0
288.248 3.875 -1.0
288.248 4.125 -0.5
288.248 4.375 -0.5
288.248 4.625 -1.5
288.248 4.875 -1.5
288.759 2.125 1.5
288.759 2.375 1.5
288.759 2.625 -1.5
288.759 2.875 -1.5
288.759 3.125 -1.5
288.759 3.375 -1.5
288.759 3.625 -0.5
288.759 3.875 -0.5
288.759 4.125 -1.0
288.759 4.375 -1.0
288.759 4.625 -2.0
288.759 4.875 -2.0
289.251 2.125 2.0
289.251 2.375 2.0
289.251 2.625 -1.5
289.251 2.875 -1.5
289.251 3.125 -1.5
289.251 3.375 -1.5
289.251 3.625 0.0
289.251 3.875 0.0
289.251 4.125 -1.5
289.251 4.375 -1.5
289.251 4.625 -1.5
289.251 4.875 -1.5
289.745 2.125 2.0
289.745 2.375 2.0
289.745 2.625 0.5
289.745 2.875 0.5
289.745 3.125 -1.0
289.745 3.375 -1.0
289.745 3.625 0.5
289.745 3.875 0.5
289.745 4.125 -1.0
289.745 4.375 -1.0
289.745 4.625 -1.5
289.745 4.875 -1.5
290.27 2.125 2.0
290.27 2.375 2.0
290.27 2.625 0.0
290.27 2.875 0.0
290.27 3.125 0.0
290.27 3.375 0.0
290.27 3.625 0.5
290.27 3.875 0.5
290.27 4.125 -1.0
290.27 4.375 -1.0
290.27 4.625 -1.5
290.27 4.875 -1.5
290.761 2.125 1.0
290.761 2.375 1.0
290.761 2.625 1.0
290.761 2.875 1.0
290.761 3.125 -0.5
290.761 3.375 -0.5
290.761 3.625 1.0
290.761 3.875 1.0
290.761 4.125 -0.5
290.761 4.375 -0.5
290.761 4.625 -1.5
290.761 4.875 -1.5
291.248 2.125 2.5
291.248 2.375 2.5
291.248 2.625 1.0
291.248 2.875 1.0
291.248 3.125 0.0
291.248 3.375 0.0
291.248 3.625 1.5
291.248 3.875 1.5
291.248 4.125 -0.5
291.248 4.375 -0.5
291.248 4.625 -0.5
291.248 4.875 -0.5
291.747 2.125 2.0
291.747 2.375 2.0
291.747 2.625 1.5
291.747 2.875 1.5
291.747 3.125 1.0
291.747 3.375 1.0
291.747 3.625 1.0
291.747 3.875 1.0
291.747 4.125 -1.5
291.747 4.375 -1.5
291.747 4.625 -1.5
291.747 4.875 -1.5
292.25 2.125 2.0
292.25 2.375 2.0
292.25 2.625 1.5
292.25 2.875 1.5
292.25 3.125 0.5
292.25 3.375 0.5
292.25 3.625 0.5
292.25 3.875 0.5
292.25 4.125 -1.0
292.25 4.375 -1.0
292.25 4.625 -1.0
292.25 4.875 -1.0
292.753 2.125 2.0
292.753 2.375 2.0
292.753 2.625 4.5
292.753 2.875 4.5
292.753 3.125 3.5
292.753 3.375 3.5
292.753 3.625 -1.0
292.753 3.875 -1.0
292.753 4.125 -1.0
292.753 4.375 -1.0
292.753 4.625 -0.5
292.753 4.875 -0.5
293.269 2.125 1.5
293.269 2.375 1.5
293.269 2.625 4.0
293.269 2.875 4.0
293.269 3.125 3.0
293.269 3.375 3.0
293.269 3.625 -1.0
293.269 3.875 -1.0
293.269 4.125 -0.5
293.269 4.375 -0.5
293.269 4.625 1.0
293.269 4.875 1.0
293.752 2.125 2.0
293.752 2.375 2.0
293.752 2.625 4.5
293.752 2.875 4.5
293.752 3.125 2.5
293.752 3.375 2.5
293.752 3.625 -1.0
293.752 3.875 -1.0
293.752 4.125 0.0
293.752 4.375 0.0
293.752 4.625 1.0
293.752 4.875 1.0
294.252 2.125 2.5
294.252 2.375 2.5
294.252 2.625 1.5
294.252 2.875 1.5
294.252 3.125 0.5
294.252 3.375 0.5
294.252 3.625 -1.0
294.252 3.875 -1.0
294.252 4.125 -0.5
294.252 4.375 -0.5
294.252 4.625 -0.5
294.252 4.875 -0.5
294.771 2.125 2.0
294.771 2.375 2.0
294.771 2.625 1.5
294.771 2.875 1.5
294.771 3.125 1.0
294.771 3.375 1.0
294.771 3.625 1.0
294.771 3.875 1.0
294.771 4.125 -1.0
294.771 4.375 -1.0
294.771 4.625 -1.0
294.771 4.875 -1.0
295.263 2.125 2.5
295.263 2.375 2.5
295.263 2.625 2.0
295.263 2.875 2.0
295.263 3.125 0.0
295.263 3.375 0.0
295.263 3.625 -0.5
295.263 3.875 -0.5
295.263 4.125 -0.5
295.263 4.375 -0.5
295.263 4.625 -2.0
295.263 4.875 -2.0
295.746 2.125 2.0
295.746 2.375 2.0
295.746 2.625 2.0
295.746 2.875 2.0
295.746 3.125 1.5
295.746 3.375 1.5
295.746 3.625 0.5
295.746 3.875 0.5
295.746 4.125 -0.5
295.746 4.375 -0.5
295.746 4.625 -0.5
295.746 4.875 -0.5
296.252 2.125 1.5
296.252 2.375 1.5
296.252 2.625 2.0
296.252 2.875 2.0
296.252 3.125 1.5
296.252 3.375 1.5
296.252 3.625 1.0
296.252 3.875 1.0
296.252 4.125 1.0
296.252 4.375 1.0
296.252 4.625 -0.5
296.252 4.875 -0.5
296.76 2.125 1.5
296.76 2.375 1.5
296.76 2.625 2.5
296.76 2.875 2.5
296.76 3.125 0.0
296.76 3.375 0.0
296.76 3.625 0.5
296.76 3.875 0.5
296.76 4.125 0.0
296.76 4.375 0.0
296.76 4.625 0.0
296.76 4.875 0.0
297.257 2.125 1.5
297.257 2.375 1.5
297.257 2.625 2.0
297.257 2.875 2.0
297.257 3.125 0.5
297.257 3.375 0.5
297.257 3.625 1.5
297.257 3.875 1.5
297.257 4.125 0.5
297.257 4.375 0.5
297.257 4.625 0.0
297.257 4.875 0.0
297.765 2.125 2.0
297.765 2.375 2.0
297.765 2.625 2.0
297.765 2.875 2.0
297.765 3.125 1.5
297.765 3.375 1.5
297.765 3.625 1.0
297.765 3.875 1.0
297.765 4.125 2.5
297.765 4.375 2.5
297.765 4.625 0.0
297.765 4.875 0.0
298.251 2.125 2.0
298.251 2.375 2.0
298.251 2.625 2.5
298.251 2.875 2.5
298.251 3.125 1.0
298.251 3.375 1.0
298.251 3.625 1.0
298.251 3.875 1.0
298.251 4.125 3.0
298.251 4.375 3.0
298.251 4.625 1.0
298.251 4.875 1.0
298.748 2.125 2.5
298.748 2.375 2.5
298.748 2.625 2.0
298.748 2.875 2.0
298.748 3.125 1.0
298.748 3.375 1.0
298.748 3.625 1.5
298.748 3.875 1.5
298.748 4.125 1.0
298.748 4.375 1.0
298.748 4.625 0.0
298.748 4.875 0.0
299.251 2.125 2.5
299.251 2.375 2.5
299.251 2.625 2.5
299.251 2.875 2.5
299.251 3.125 2.0
299.251 3.375 2.0
299.251 3.625 2.0
299.251 3.875 2.0
299.251 4.125 1.5
299.251 4.375 1.5
299.251 4.625 0.0
299.251 4.875 0.0
299.751 2.125 2.5
299.751 2.375 2.5
299.751 2.625 2.0
299.751 2.875 2.0
299.751 3.125 1.5
299.751 3.375 1.5
299.751 3.625 2.0
299.751 3.875 2.0
299.751 4.125 1.5
299.751 4.375 1.5
299.751 4.625 0.5
299.751 4.875 0.5
300.265 2.125 2.5
300.265 2.375 2.5
300.265 2.625 2.0
300.265 2.875 2.0
300.265 3.125 -1.5
300.265 3.375 -1.5
300.265 3.625 1.0
300.265 3.875 1.0
300.265 4.125 2.5
300.265 4.375 2.5
300.265 4.625 0.5
300.265 4.875 0.5
300.762 2.125 2.0
300.762 2.375 2.0
300.762 2.625 2.5
300.762 2.875 2.5
300.762 3.125 -2.0
300.762 3.375 -2.0
300.762 3.625 0.0
300.762 3.875 0.0
300.762 4.125 2.0
300.762 4.375 2.0
300.762 4.625 1.5
300.762 4.875 1.5
301.251 2.125 2.5
301.251 2.375 2.5
301.251 2.625 1.5
301.251 2.875 1.5
301.251 3.125 -1.0
301.251 3.375 -1.0
301.251 3.625 0.0
301.251 3.875 0.0
301.251 4.125 1.0
301.251 4.375 1.0
301.251 4.625 2.5
301.251 4.875 2.5
301.748 2.125 3.0
301.748 2.375 3.0
301.748 2.625 4.0
301.748 2.875 4.0
301.748 3.125 1.0
301.748 3.375 1.0
301.748 3.625 1.5
301.748 3.875 1.5
301.748 4.125 2.5
301.748 4.375 2.5
301.748 4.625 1.5
301.748 4.875 1.5
302.272 2.125 2.5
302.272 2.375 2.5
302.272 2.625 3.5
302.272 2.875 3.5
302.272 3.125 2.5
302.272 3.375 2.5
302.272 3.625 4.0
302.272 3.875 4.0
302.272 4.125 1.5
302.272 4.375 1.5
302.272 4.625 2.0
302.272 4.875 2.0
302.753 2.125 3.0
302.753 2.375 3.0
302.753 2.625 2.0
302.753 2.875 2.0
302.753 3.125 1.0
302.753 3.375 1.0
302.753 3.625 2.5
302.753 3.875 2.5
302.753 4.125 2.0
302.753 4.375 2.0
302.753 4.625 2.5
302.753 4.875 2.5
303.253 2.125 2.0
303.253 2.375 2.0
303.253 2.625 1.5
303.253 2.875 1.5
303.253 3.125 -1.0
303.253 3.375 -1.0
303.253 3.625 0.5
303.253 3.875 0.5
303.253 4.125 2.5
303.253 4.375 2.5
303.253 4.625 1.5
303.253 4.875 1.5
303.747 2.125 3.0
303.747 2.375 3.0
303.747 2.625 1.5
303.747 2.875 1.5
303.747 3.125 -0.5
303.747 3.375 -0.5
303.747 3.625 1.0
303.747 3.875 1.0
303.747 4.125 2.5
303.747 4.375 2.5
303.747 4.625 1.5
303.747 4.875 1.5
304.253 2.125 1.5
304.253 2.375 1.5
304.253 2.625 2.0
304.253 2.875 2.0
304.253 3.125 0.5
304.253 3.375 0.5
304.253 3.625 1.5
304.253 3.875 1.5
304.253 4.125 3.0
304.253 4.375 3.0
304.253 4.625 2.5
304.253 4.875 2.5
304.75 2.125 2.5
304.75 2.375 2.5
304.75 2.625 2.0
304.75 2.875 2.0
304.75 3.125 1.5
304.75 3.375 1.5
304.75 3.625 2.0
304.75 3.875 2.0
304.75 4.125 1.5
304.75 4.375 1.5
304.75 4.625 2.0
304.75 4.875 2.0
305.25 2.125 2.5
305.25 2.375 2.5
305.25 2.625 3.0
305.25 2.875 3.0
305.25 3.125 1.5
305.25 3.375 1.5
305.25 3.625 2.5
305.25 3.875 2.5
305.25 4.125 3.0
305.25 4.375 3.0
305.25 4.625 1.5
305.25 4.875 1.5
305.777 2.125 2.0
305.777 2.375 2.0
305.777 2.625 2.0
305.777 2.875 2.0
305.777 3.125 1.5
305.777 3.375 1.5
305.777 3.625 1.5
305.777 3.875 1.5
305.777 4.125 2.0
305.777 4.375 2.0
305.777 4.625 0.5
305.777 4.875 0.5
306.263 2.125 1.0
306.263 2.375 1.0
306.263 2.625 2.0
306.263 2.875 2.0
306.263 3.125 2.5
306.263 3.375 2.5
306.263 3.625 1.5
306.263 3.875 1.5
306.263 4.125 2.0
306.263 4.375 2.0
306.263 4.625 1.5
306.263 4.875 1.5
306.749 2.125 1.5
306.749 2.375 1.5
306.749 2.625 2.5
306.749 2.875 2.5
306.749 3.125 2.0
306.749 3.375 2.0
306.749 3.625 2.0
306.749 3.875 2.0
306.749 4.125 2.0
306.749 4.375 2.0
306.749 4.625 2.0
306.749 4.875 2.0
307.252 2.125 2.0
307.252 2.375 2.0
307.252 2.625 3.0
307.252 2.875 3.0
307.252 3.125 1.5
307.252 3.375 1.5
307.252 3.625 2.5
307.252 3.875 2.5
307.252 4.125 2.0
307.252 4.375 2.0
307.252 4.625 1.5
307.252 4.875 1.5
307.76 2.125 2.0
307.76 2.375 2.0
307.76 2.625 2.5
307.76 2.875 2.5
307.76 3.125 2.0
307.76 3.375 2.0
307.76 3.625 2.0
307.76 3.875 2.0
307.76 4.125 2.5
307.76 4.375 2.5
307.76 4.625 2.0
307.76 4.875 2.0
308.246 2.125 3.0
308.246 2.375 3.0
308.246 2.625 3.0
308.246 2.875 3.0
308.246 3.125 2.0
308.246 3.375 2.0
308.246 3.625 3.0
308.246 3.875 3.0
308.246 4.125 3.0
308.246 4.375 3.0
308.246 4.625 2.5
308.246 4.875 2.5
308.757 2.125 3.0
308.757 2.375 3.0
308.757 2.625 2.0
308.757 2.875 2.0
308.757 3.125 3.0
308.757 3.375 3.0
308.757 3.625 3.0
308.757 3.875 3.0
308.757 4.125 2.5
308.757 4.375 2.5
308.757 4.625 2.5
308.757 4.875 2.5
309.246 2.125 2.5
309.246 2.375 2.5
309.246 2.625 2.5
309.246 2.875 2.5
309.246 3.125 2.0
309.246 3.375 2.0
309.246 3.625 3.0
309.246 3.875 3.0
309.246 4.125 2.5
309.246 4.375 2.5
309.246 4.625 2.0
309.246 4.875 2.0
309.751 2.125 3.0
309.751 2.375 3.0
309.751 2.625 2.5
309.751 2.875 2.5
309.751 3.125 3.0
309.751 3.375 3.0
309.751 3.625 3.0
309.751 3.875 3.0
309.751 4.125 2.0
309.751 4.375 2.0
309.751 4.625 2.0
309.751 4.875 2.0
310.259 2.125 2.5
310.259 2.375 2.5
310.259 2.625 2.0
310.259 2.875 2.0
310.259 3.125 2.5
310.259 3.375 2.5
310.259 3.625 2.5
310.259 3.875 2.5
310.259 4.125 2.5
310.259 4.375 2.5
310.259 4.625 2.0
310.259 4.875 2.0
310.762 2.125 2.5
310.762 2.375 2.5
310.762 2.625 2.5
310.762 2.875 2.5
310.762 3.125 2.0
310.762 3.375 2.0
310.762 3.625 2.0
310.762 3.875 2.0
310.762 4.125 2.0
310.762 4.375 2.0
310.762 4.625 2.0
310.762 4.875 2.0
311.254 2.125 3.5
311.254 2.375 3.5
311.254 2.625 2.5
311.254 2.875 2.5
311.254 3.125 2.5
311.254 3.375 2.5
311.254 3.625 2.0
311.254 3.875 2.0
311.254 4.125 2.0
311.254 4.375 2.0
311.254 4.625 2.5
311.254 4.875 2.5
311.745 2.125 3.0
311.745 2.375 3.0
311.745 2.625 2.0
311.745 2.875 2.0
311.745 3.125 3.0
311.745 3.375 3.0
311.745 3.625 2.0
311.745 3.875 2.0
311.745 4.125 2.5
311.745 4.375 2.5
311.745 4.625 2.5
311.745 4.875 2.5
312.242 2.125 3.0
312.242 2.375 3.0
312.242 2.625 2.5
312.242 2.875 2.5
312.242 3.125 2.5
312.242 3.375 2.5
312.242 3.625 2.0
312.242 3.875 2.0
312.242 4.125 2.5
312.242 4.375 2.5
312.242 4.625 2.5
312.242 4.875 2.5
312.751 2.125 3.0
312.751 2.375 3.0
312.751 2.625 3.0
312.751 2.875 3.0
312.751 3.125 3.0
312.751 3.375 3.0
312.751 3.625 2.5
312.751 3.875 2.5
312.751 4.125 3.5
312.751 4.375 3.5
312.751 4.625 3.0
312.751 4.875 3.0
313.267 2.125 3.0
313.267 2.375 3.0
313.267 2.625 2.5
313.267 2.875 2.5
313.267 3.125 2.5
313.267 3.375 2.5
313.267 3.625 2.0
313.267 3.875 2.0
313.267 4.125 2.5
313.267 4.375 2.5
313.267 4.625 2.5
313.267 4.875 2.5
313.745 2.125 3.0
313.745 2.375 3.0
313.745 2.625 2.0
313.745 2.875 2.0
313.745 3.125 2.0
313.745 3.375 2.0
313.745 3.625 2.5
313.745 3.875 2.5
313.745 4.125 3.0
313.745 4.375 3.0
313.745 4.625 2.0
313.745 4.875 2.0
314.25 2.125 2.5
314.25 2.375 2.5
314.25 2.625 2.5
314.25 2.875 2.5
314.25 3.125 2.5
314.25 3.375 2.5
314.25 3.625 2.5
314.25 3.875 2.5
314.25 4.125 3.0
314.25 4.375 3.0
314.25 4.625 3.0
314.25 4.875 3.0
314.778 2.125 2.0
314.778 2.375 2.0
314.778 2.625 2.5
314.778 2.875 2.5
314.778 3.125 2.0
314.778 3.375 2.0
314.778 3.625 2.5
314.778 3.875 2.5
314.778 4.125 3.0
314.778 4.375 3.0
314.778 4.625 2.5
314.778 4.875 2.5
315.231 2.125 3.0
315.231 2.375 3.0
315.231 2.625 4.0
315.231 2.875 4.0
315.231 3.125 2.5
315.231 3.375 2.5
315.231 3.625 3.0
315.231 3.875 3.0
315.231 4.125 3.0
315.231 4.375 3.0
315.231 4.625 3.0
315.231 4.875 3.0
315.755 2.125 2.5
315.755 2.375 2.5
315.755 2.625 2.5
315.755 2.875 2.5
315.755 3.125 2.5
315.755 3.375 2.5
315.755 3.625 3.5
315.755 3.875 3.5
315.755 4.125 2.5
315.755 4.375 2.5
315.755 4.625 2.5
315.755 4.875 2.5
316.277 2.125 3.5
316.277 2.375 3.5
316.277 2.625 4.0
316.277 2.875 4.0
316.277 3.125 2.0
316.277 3.375 2.0
316.277 3.625 3.0
316.277 3.875 3.0
316.277 4.125 3.5
316.277 4.375 3.5
316.277 4.625 3.0
316.277 4.875 3.0
316.766 2.125 3.5
316.766 2.375 3.5
316.766 2.625 3.0
316.766 2.875 3.0
316.766 3.125 2.5
316.766 3.375 2.5
316.766 3.625 3.0
316.766 3.875 3.0
316.766 4.125 3.0
316.766 4.375 3.0
316.766 4.625 2.0
316.766 4.875 2.0
317.249 2.125 3.5
317.249 2.375 3.5
317.249 2.625 2.5
317.249 2.875 2.5
317.249 3.125 3.0
317.249 3.375 3.0
317.249 3.625 3.0
317.249 3.875 3.0
317.249 4.125 2.0
317.249 4.375 2.0
317.249 4.625 2.5
317.249 4.875 2.5
317.758 2.125 2.5
317.758 2.375 2.5
317.758 2.625 3.5
317.758 2.875 3.5
317.758 3.125 2.5
317.758 3.375 2.5
317.758 3.625 2.0
317.758 3.875 2.0
317.758 4.125 2.5
317.758 4.375 2.5
317.758 4.625 2.5
317.758 4.875 2.5
318.285 2.125 3.0
318.285 2.375 3.0
318.285 2.625 3.5
318.285 2.875 3.5
318.285 3.125 3.5
318.285 3.375 3.5
318.285 3.625 3.5
318.285 3.875 3.5
318.285 4.125 3.0
318.285 4.375 3.0
318.285 4.625 2.5
318.285 4.875 2.5
318.766 2.125 3.0
318.766 2.375 3.0
318.766 2.625 3.0
318.766 2.875 3.0
318.766 3.125 3.0
318.766 3.375 3.0
318.766 3.625 3.0
318.766 3.875 3.0
318.766 4.125 3.5
318.766 4.375 3.5
318.766 4.625 3.0
318.766 4.875 3.0
319.238 2.125 2.5
319.238 2.375 2.5
319.238 2.625 2.0
319.238 2.875 2.0
319.238 3.125 3.0
319.238 3.375 3.0
319.238 3.625 3.0
319.238 3.875 3.0
319.238 4.125 3.0
319.238 4.375 3.0
319.238 4.625 3.0
319.238 4.875 3.0
319.749 2.125 3.0
319.749 2.375 3.0
319.749 2.625 2.5
319.749 2.875 2.5
319.749 3.125 3.0
319.749 3.375 3.0
319.749 3.625 2.5
319.749 3.875 2.5
319.749 4.125 3.0
319.749 4.375 3.0
319.749 4.625 3.0
319.749 4.875 3.0
320.271 2.125 2.5
320.271 2.375 2.5
320.271 2.625 3.0
320.271 2.875 3.0
320.271 3.125 3.0
320.271 3.375 3.0
320.271 3.625 2.5
320.271 3.875 2.5
320.271 4.125 3.0
320.271 4.375 3.0
320.271 4.625 3.0
320.271 4.875 3.0
320.793 2.125 3.5
320.793 2.375 3.5
320.793 2.625 4.0
320.793 2.875 4.0
320.793 3.125 3.5
320.793 3.375 3.5
320.793 3.625 2.5
320.793 3.875 2.5
320.793 4.125 3.0
320.793 4.375 3.0
320.793 4.625 3.5
320.793 4.875 3.5
321.254 2.125 2.5
321.254 2.375 2.5
321.254 2.625 3.0
321.254 2.875 3.0
321.254 3.125 3.0
321.254 3.375 3.0
321.254 3.625 3.5
321.254 3.875 3.5
321.254 4.125 3.5
321.254 4.375 3.5
321.254 4.625 3.0
321.254 4.875 3.0
321.751 2.125 3.0
321.751 2.375 3.0
321.751 2.625 3.5
321.751 2.875 3.5
321.751 3.125 3.5
321.751 3.375 3.5
321.751 3.625 4.0
321.751 3.875 4.0
321.751 4.125 3.0
321.751 4.375 3.0
321.751 4.625 3.5
321.751 4.875 3.5
322.251 2.125 3.5
322.251 2.375 3.5
322.251 2.625 3.0
322.251 2.875 3.0
322.251 3.125 3.5
322.251 3.375 3.5
322.251 3.625 4.0
322.251 3.875 4.0
322.251 4.125 4.0
322.251 4.375 4.0
322.251 4.625 3.5
322.251 4.875 3.5
322.748 2.125 3.5
322.748 2.375 3.5
322.748 2.625 3.0
322.748 2.875 3.0
322.748 3.125 3.5
322.748 3.375 3.5
322.748 3.625 3.5
322.748 3.875 3.5
322.748 4.125 3.0
322.748 4.375 3.0
322.748 4.625 2.5
322.748 4.875 2.5
323.278 2.125 3.0
323.278 2.375 3.0
323.278 2.625 4.0
323.278 2.875 4.0
323.278 3.125 2.5
323.278 3.375 2.5
323.278 3.625 4.0
323.278 3.875 4.0
323.278 4.125 3.5
323.278 4.375 3.5
323.278 4.625 2.0
323.278 4.875 2.0
323.764 2.125 2.0
323.764 2.375 2.0
323.764 2.625 3.0
323.764 2.875 3.0
323.764 3.125 3.5
323.764 3.375 3.5
323.764 3.625 4.0
323.764 3.875 4.0
323.764 4.125 4.0
323.764 4.375 4.0
323.764 4.625 2.5
323.764 4.875 2.5
324.253 2.125 3.5
324.253 2.375 3.5
324.253 2.625 4.0
324.253 2.875 4.0
324.253 3.125 3.5
324.253 3.375 3.5
324.253 3.625 4.0
324.253 3.875 4.0
324.253 4.125 4.0
324.253 4.375 4.0
324.253 4.625 3.5
324.253 4.875 3.5
324.75 2.125 2.5
324.75 2.375 2.5
324.75 2.625 4.0
324.75 2.875 4.0
324.75 3.125 3.0
324.75 3.375 3.0
324.75 3.625 4.0
324.75 3.875 4.0
324.75 4.125 4.0
324.75 4.375 4.0
324.75 4.625 3.0
324.75 4.875 3.0
325.267 2.125 3.0
325.267 2.375 3.0
325.267 2.625 4.0
325.267 2.875 4.0
325.267 3.125 3.5
325.267 3.375 3.5
325.267 3.625 3.5
325.267 3.875 3.5
325.267 4.125 3.5
325.267 4.375 3.5
325.267 4.625 3.5
325.267 4.875 3.5
325.753 2.125 3.0
325.753 2.375 3.0
325.753 2.625 3.5
325.753 2.875 3.5
325.753 3.125 4.0
325.753 3.375 4.0
325.753 3.625 4.0
325.753 3.875 4.0
325.753 4.125 3.5
325.753 4.375 3.5
325.753 4.625 3.5
325.753 4.875 3.5
326.25 2.125 3.0
326.25 2.375 3.0
326.25 2.625 3.0
326.25 2.875 3.0
326.25 3.125 4.0
326.25 3.375 4.0
326.25 3.625 3.5
326.25 3.875 3.5
326.25 4.125 3.5
326.25 4.375 3.5
326.25 4.625 4.0
326.25 4.875 4.0
326.775 2.125 4.5
326.775 2.375 4.5
326.775 2.625 3.5
326.775 2.875 3.5
326.775 3.125 3.5
326.775 3.375 3.5
326.775 3.625 4.5
326.775 3.875 4.5
326.775 4.125 3.5
326.775 4.375 3.5
326.775 4.625 3.0
326.775 4.875 3.0
327.25 2.125 4.5
327.25 2.375 4.5
327.25 2.625 4.0
327.25 2.875 4.0
327.25 3.125 3.5
327.25 3.375 3.5
327.25 3.625 3.5
327.25 3.875 3.5
327.25 4.125 3.0
327.25 4.375 3.0
327.25 4.625 3.0
327.25 4.875 3.0
327.752 2.125 2.5
327.752 2.375 2.5
327.752 2.625 2.0
327.752 2.875 2.0
327.752 3.125 4.0
327.752 3.375 4.0
327.752 3.625 4.5
327.752 3.875 4.5
327.752 4.125 3.5
327.752 4.375 3.5
327.752 4.625 3.5
327.752 4.875 3.5
328.266 2.125 3.5
328.266 2.375 3.5
328.266 2.625 4.5
328.266 2.875 4.5
328.266 3.125 4.0
328.266 3.375 4.0
328.266 3.625 4.5
328.266 3.875 4.5
328.266 4.125 3.0
328.266 4.375 3.0
328.266 4.625 3.5
328.266 4.875 3.5
328.744 2.125 3.5
328.744 2.375 3.5
328.744 2.625 3.5
328.744 2.875 3.5
328.744 3.125 3.5
328.744 3.375 3.5
328.744 3.625 4.0
328.744 3.875 4.0
328.744 4.125 3.0
328.744 4.375 3.0
328.744 4.625 4.0
328.744 4.875 4.0
329.244 2.125 2.0
329.244 2.375 2.0
329.244 2.625 3.5
329.244 2.875 3.5
329.244 3.125 4.0
329.244 3.375 4.0
329.244 3.625 4.0
329.244 3.875 4.0
329.244 4.125 3.5
329.244 4.375 3.5
329.244 4.625 4.0
329.244 4.875 4.0
329.76 2.125 3.0
329.76 2.375 3.0
329.76 2.625 4.0
329.76 2.875 4.0
329.76 3.125 4.0
329.76 3.375 4.0
329.76 3.625 4.0
329.76 3.875 4.0
329.76 4.125 4.0
329.76 4.375 4.0
329.76 4.625 4.0
329.76 4.875 4.0
330.257 2.125 2.5
330.257 2.375 2.5
330.257 2.625 3.5
330.257 2.875 3.5
330.257 3.125 4.0
330.257 3.375 4.0
330.257 3.625 4.0
330.257 3.875 4.0
330.257 4.125 3.5
330.257 4.375 3.5
330.257 4.625 3.5
330.257 4.875 3.5
330.752 2.125 2.5
330.752 2.375 2.5
330.752 2.625 4.5
330.752 2.875 4.5
330.752 3.125 5.0
330.752 3.375 5.0
330.752 3.625 5.0
330.752 3.875 5.0
330.752 4.125 4.0
330.752 4.375 4.0
330.752 4.625 3.5
330.752 4.875 3.5
331.243 2.125 2.5
331.243 2.375 2.5
331.243 2.625 2.5
331.243 2.875 2.5
331.243 3.125 2.5
331.243 3.375 2.5
331.243 3.625 4.0
331.243 3.875 4.0
331.243 4.125 4.0
331.243 4.375 4.0
331.243 4.625 4.0
331.243 4.875 4.0
331.779 2.125 3.5
331.779 2.375 3.5
331.779 2.625 3.5
331.779 2.875 3.5
331.779 3.125 4.0
331.779 3.375 4.0
331.779 3.625 4.5
331.779 3.875 4.5
331.779 4.125 3.5
331.779 4.375 3.5
331.779 4.625 4.5
331.779 4.875 4.5
332.251 2.125 3.0
332.251 2.375 3.0
332.251 2.625 4.0
332.251 2.875 4.0
332.251 3.125 4.0
332.251 3.375 4.0
332.251 3.625 4.5
332.251 3.875 4.5
332.251 4.125 4.5
332.251 4.375 4.5
332.251 4.625 3.5
332.251 4.875 3.5
332.746 2.125 3.0
332.746 2.375 3.0
332.746 2.625 3.0
332.746 2.875 3.0
332.746 3.125 3.0
332.746 3.375 3.0
332.746 3.625 4.5
332.746 3.875 4.5
332.746 4.125 4.5
332.746 4.375 4.5
332.746 4.625 4.0
332.746 4.875 4.0
333.246 2.125 3.0
333.246 2.375 3.0
333.246 2.625 3.5
333.246 2.875 3.5
333.246 3.125 4.0
333.246 3.375 4.0
333.246 3.625 4.5
333.246 3.875 4.5
333.246 4.125 4.0
333.246 4.375 4.0
333.246 4.625 3.5
333.246 4.875 3.5
333.745 2.125 3.0
333.745 2.375 3.0
333.745 2.625 4.0
333.745 2.875 4.0
333.745 3.125 3.5
333.745 3.375 3.5
333.745 3.625 5.0
333.745 3.875 5.0
333.745 4.125 4.5
333.745 4.375 4.5
333.745 4.625 4.0
333.745 4.875 4.0
334.278 2.125 3.0
334.278 2.375 3.0
334.278 2.625 4.0
334.278 2.875 4.0
334.278 3.125 4.0
334.278 3.375 4.0
334.278 3.625 4.5
334.278 3.875 4.5
334.278 4.125 4.5
334.278 4.375 4.5
334.278 4.625 4.5
334.278 4.875 4.5
334.753 2.125 4.0
334.753 2.375 4.0
334.753 2.625 4.0
334.753 2.875 4.0
334.753 3.125 3.5
334.753 3.375 3.5
334.753 3.625 4.5
334.753 3.875 4.5
334.753 4.125 4.5
334.753 4.375 4.5
334.753 4.625 4.5
334.753 4.875 4.5
335.248 2.125 3.0
335.248 2.375 3.0
335.248 2.625 4.5
335.248 2.875 4.5
335.248 3.125 4.0
335.248 3.375 4.0
335.248 3.625 4.5
335.248 3.875 4.5
335.248 4.125 5.0
335.248 4.375 5.0
335.248 4.625 4.5
335.248 4.875 4.5
335.75 2.125 3.5
335.75 2.375 3.5
335.75 2.625 4.0
335.75 2.875 4.0
335.75 3.125 4.0
335.75 3.375 4.0
335.75 3.625 4.0
335.75 3.875 4.0
335.75 4.125 4.5
335.75 4.375 4.5
335.75 4.625 4.5
335.75 4.875 4.5
336.272 2.125 4.0
336.272 2.375 4.0
336.272 2.625 4.0
336.272 2.875 4.0
336.272 3.125 4.5
336.272 3.375 4.5
336.272 3.625 4.5
336.272 3.875 4.5
336.272 4.125 5.0
336.272 4.375 5.0
336.272 4.625 4.5
336.272 4.875 4.5
336.745 2.125 3.5
336.745 2.375 3.5
336.745 2.625 4.5
336.745 2.875 4.5
336.745 3.125 4.5
336.745 3.375 4.5
336.745 3.625 4.5
336.745 3.875 4.5
336.745 4.125 11.0
336.745 4.375 11.0
336.745 4.625 11.5
336.745 4.875 11.5
337.25 2.125 3.5
337.25 2.375 3.5
337.25 2.625 3.5
337.25 2.875 3.5
337.25 3.125 4.0
337.25 3.375 4.0
337.25 3.625 4.5
337.25 3.875 4.5
337.25 4.125 11.5
337.25 4.375 11.5
337.25 4.625 11.5
337.25 4.875 11.5
337.758 2.125 3.0
337.758 2.375 3.0
337.758 2.625 4.5
337.758 2.875 4.5
337.758 3.125 4.0
337.758 3.375 4.0
337.758 3.625 4.5
337.758 3.875 4.5
337.758 4.125 11.5
337.758 4.375 11.5
337.758 4.625 11.5
337.758 4.875 11.5
338.25 2.125 3.0
338.25 2.375 3.0
338.25 2.625 2.5
338.25 2.875 2.5
338.25 3.125 3.0
338.25 3.375 3.0
338.25 3.625 4.5
338.25 3.875 4.5
338.25 4.125 5.5
338.25 4.375 5.5
338.25 4.625 10.5
338.25 4.875 10.5
338.766 2.125 2.5
338.766 2.375 2.5
338.766 2.625 3.0
338.766 2.875 3.0
338.766 3.125 2.0
338.766 3.375 2.0
338.766 3.625 3.0
338.766 3.875 3.0
338.766 4.125 5.0
338.766 4.375 5.0
338.766 4.625 5.5
338.766 4.875 5.5
339.291 2.125 3.5
339.291 2.375 3.5
339.291 2.625 1.5
339.291 2.875 1.5
339.291 3.125 -0.5
339.291 3.375 -0.5
339.291 3.625 0.0
339.291 3.875 0.0
339.291 4.125 5.0
339.291 4.375 5.0
339.291 4.625 5.0
339.291 4.875 5.0
339.749 2.125 3.5
339.749 2.375 3.5
339.749 2.625 3.5
339.749 2.875 3.5
339.749 3.125 2.0
339.749 3.375 2.0
339.749 3.625 4.0
339.749 3.875 4.0
339.749 4.125 5.5
339.749 4.375 5.5
339.749 4.625 5.5
339.749 4.875 5.5
340.249 2.125 4.0
340.249 2.375 4.0
340.249 2.625 4.5
340.249 2.875 4.5
340.249 3.125 4.0
340.249 3.375 4.0
340.249 3.625 5.0
340.249 3.875 5.0
340.249 4.125 5.5
340.249 4.375 5.5
340.249 4.625 5.0
340.249 4.875 5.0
340.777 2.125 3.5
340.777 2.375 3.5
340.777 2.625 4.5
340.777 2.875 4.5
340.777 3.125 4.5
340.777 3.375 4.5
340.777 3.625 3.5
340.777 3.875 3.5
340.777 4.125 5.0
340.777 4.375 5.0
340.777 4.625 5.5
340.777 4.875 5.5
341.257 2.125 3.5
341.257 2.375 3.5
341.257 2.625 4.0
341.257 2.875 4.0
341.257 3.125 4.0
341.257 3.375 4.0
341.257 3.625 4.5
341.257 3.875 4.5
341.257 4.125 5.0
341.257 4.375 5.0
341.257 4.625 5.5
341.257 4.875 5.5
341.765 2.125 4.0
341.765 2.375 4.0
341.765 2.625 4.5
341.765 2.875 4.5
341.765 3.125 4.5
341.765 3.375 4.5
341.765 3.625 4.0
341.765 3.875 4.0
341.765 4.125 5.0
341.765 4.375 5.0
341.765 4.625 5.5
341.765 4.875 5.5
342.263 2.125 4.0
342.263 2.375 4.0
342.263 2.625 4.5
342.263 2.875 4.5
342.263 3.125 4.5
342.263 3.375 4.5
342.263 3.625 4.5
342.263 3.875 4.5
342.263 4.125 4.5
342.263 4.375 4.5
342.263 4.625 5.0
342.263 4.875 5.0
342.749 2.125 9.0
342.749 2.375 9.0
342.749 2.625 4.5
342.749 2.875 4.5
342.749 3.125 4.5
342.749 3.375 4.5
342.749 3.625 4.5
342.749 3.875 4.5
342.749 4.125 4.5
342.749 4.375 4.5
342.749 4.625 5.0
342.749 4.875 5.0
343.282 2.125 3.5
343.282 2.375 3.5
343.282 2.625 5.0
343.282 2.875 5.0
343.282 3.125 4.0
343.282 3.375 4.0
343.282 3.625 2.5
343.282 3.875 2.5
343.282 4.125 5.0
343.282 4.375 5.0
343.282 4.625 5.0
343.282 4.875 5.0
343.779 2.125 3.5
343.779 2.375 3.5
343.779 2.625 5.0
343.779 2.875 5.0
343.779 3.125 5.0
343.779 3.375 5.0
343.779 3.625 5.0
343.779 3.875 5.0
343.779 4.125 5.0
343.779 4.375 5.0
343.779 4.625 5.5
343.779 4.875 5.5
344.262 2.125 4.5
344.262 2.375 4.5
344.262 2.625 5.0
344.262 2.875 5.0
344.262 3.125 5.0
344.262 3.375 5.0
344.262 3.625 4.5
344.262 3.875 4.5
344.262 4.125 5.0
344.262 4.375 5.0
344.262 4.625 5.0
344.262 4.875 5.0
344.756 2.125 4.5
344.756 2.375 4.5
344.756 2.625 4.5
344.756 2.875 4.5
344.756 3.125 5.0
344.756 3.375 5.0
344.756 3.625 5.5
344.756 3.875 5.5
344.756 4.125 5.0
344.756 4.375 5.0
344.756 4.625 5.0
344.756 4.875 5.0
345.248 2.125 2.5
345.248 2.375 2.5
345.248 2.625 5.0
345.248 2.875 5.0
345.248 3.125 5.0
345.248 3.375 5.0
345.248 3.625 5.5
345.248 3.875 5.5
345.248 4.125 5.0
345.248 4.375 5.0
345.248 4.625 5.5
345.248 4.875 5.5
345.753 2.125 4.0
345.753 2.375 4.0
345.753 2.625 5.0
345.753 2.875 5.0
345.753 3.125 5.5
345.753 3.375 5.5
345.753 3.625 6.0
345.753 3.875 6.0
345.753 4.125 6.0
345.753 4.375 6.0
345.753 4.625 5.0
345.753 4.875 5.0
346.281 2.125 3.5
346.281 2.375 3.5
346.281 2.625 3.0
346.281 2.875 3.0
346.281 3.125 4.5
346.281 3.375 4.5
346.281 3.625 5.5
346.281 3.875 5.5
346.281 4.125 6.0
346.281 4.375 6.0
346.281 4.625 5.0
346.281 4.875 5.0
346.748 2.125 4.5
346.748 2.375 4.5
346.748 2.625 5.0
346.748 2.875 5.0
346.748 3.125 5.5
346.748 3.375 5.5
346.748 3.625 5.5
346.748 3.875 5.5
346.748 4.125 5.0
346.748 4.375 5.0
346.748 4.625 5.0
346.748 4.875 5.0
347.272 2.125 4.5
347.272 2.375 4.5
347.272 2.625 5.0
347.272 2.875 5.0
347.272 3.125 6.0
347.272 3.375 6.0
347.272 3.625 5.0
347.272 3.875 5.0
347.272 4.125 5.0
347.272 4.375 5.0
347.272 4.625 5.0
347.272 4.875 5.0
347.728 2.125 5.0
347.728 2.375 5.0
347.728 2.625 5.0
347.728 2.875 5.0
347.728 3.125 5.0
347.728 3.375 5.0
347.728 3.625 5.5
347.728 3.875 5.5
347.728 4.125 5.0
347.728 4.375 5.0
347.728 4.625 5.0
347.728 4.875 5.0
348.253 2.125 4.0
348.253 2.375 4.0
348.253 2.625 4.5
348.253 2.875 4.5
348.253 3.125 5.5
348.253 3.375 5.5
348.253 3.625 5.5
348.253 3.875 5.5
348.253 4.125 5.0
348.253 4.375 5.0
348.253 4.625 5.5
348.253 4.875 5.5
348.764 2.125 4.0
348.764 2.375 4.0
348.764 2.625 4.5
348.764 2.875 4.5
348.764 3.125 5.0
348.764 3.375 5.0
348.764 3.625 5.0
348.764 3.875 5.0
348.764 4.125 4.5
348.764 4.375 4.5
348.764 4.625 6.0
348.764 4.875 6.0
349.264 2.125 4.5
349.264 2.375 4.5
349.264 2.625 5.0
349.264 2.875 5.0
349.264 3.125 5.0
349.264 3.375 5.0
349.264 3.625 5.5
349.264 3.875 5.5
349.264 4.125 5.0
349.264 4.375 5.0
349.264 4.625 5.5
349.264 4.875 5.5
349.753 2.125 4.0
349.753 2.375 4.0
349.753 2.625 5.0
349.753 2.875 5.0
349.753 3.125 4.5
349.753 3.375 4.5
349.753 3.625 5.5
349.753 3.875 5.5
349.753 4.125 5.5
349.753 4.375 5.5
349.753 4.625 4.5
349.753 4.875 4.5
350.247 2.125 4.5
350.247 2.375 4.5
350.247 2.625 5.0
350.247 2.875 5.0
350.247 3.125 5.0
350.247 3.375 5.0
350.247 3.625 5.5
350.247 3.875 5.5
350.247 4.125 5.0
350.247 4.375 5.0
350.247 4.625 5.5
350.247 4.875 5.5
350.766 2.125 5.0
350.766 2.375 5.0
350.766 2.625 5.0
350.766 2.875 5.0
350.766 3.125 4.5
350.766 3.375 4.5
350.766 3.625 5.5
350.766 3.875 5.5
350.766 4.125 4.5
350.766 4.375 4.5
350.766 4.625 4.5
350.766 4.875 4.5
351.263 2.125 5.5
351.263 2.375 5.5
351.263 2.625 5.0
351.263 2.875 5.0
351.263 3.125 5.5
351.263 3.375 5.5
351.263 3.625 5.5
351.263 3.875 5.5
351.263 4.125 4.5
351.263 4.375 4.5
351.263 4.625 5.5
351.263 4.875 5.5
351.758 2.125 5.5
351.758 2.375 5.5
351.758 2.625 3.0
351.758 2.875 3.0
351.758 3.125 5.5
351.758 3.375 5.5
351.758 3.625 6.0
351.758 3.875 6.0
351.758 4.125 5.5
351.758 4.375 5.5
351.758 4.625 5.0
351.758 4.875 5.0
352.246 2.125 5.0
352.246 2.375 5.0
352.246 2.625 3.5
352.246 2.875 3.5
352.246 3.125 5.5
352.246 3.375 5.5
352.246 3.625 6.0
352.246 3.875 6.0
352.246 4.125 5.0
352.246 4.375 5.0
352.246 4.625 4.5
352.246 4.875 4.5
352.752 2.125 4.5
352.752 2.375 4.5
352.752 2.625 5.0
352.752 2.875 5.0
352.752 3.125 5.0
352.752 3.375 5.0
352.752 3.625 6.0
352.752 3.875 6.0
352.752 4.125 5.5
352.752 4.375 5.5
352.752 4.625 5.0
352.752 4.875 5.0
353.252 2.125 5.0
353.252 2.375 5.0
353.252 2.625 5.0
353.252 2.875 5.0
353.252 3.125 5.0
353.252 3.375 5.0
353.252 3.625 5.5
353.252 3.875 5.5
353.252 4.125 5.5
353.252 4.375 5.5
353.252 4.625 5.5
353.252 4.875 5.5
353.749 2.125 5.0
353.749 2.375 5.0
353.749 2.625 5.5
353.749 2.875 5.5
353.749 3.125 5.0
353.749 3.375 5.0
353.749 3.625 5.5
353.749 3.875 5.5
353.749 4.125 6.0
353.749 4.375 6.0
353.749 4.625 5.5
353.749 4.875 5.5
354.249 2.125 4.5
354.249 2.375 4.5
354.249 2.625 4.5
354.249 2.875 4.5
354.249 3.125 3.0
354.249 3.375 3.0
354.249 3.625 2.5
354.249 3.875 2.5
354.249 4.125 5.5
354.249 4.375 5.5
354.249 4.625 5.5
354.249 4.875 5.5
354.751 2.125 5.0
354.751 2.375 5.0
354.751 2.625 3.0
354.751 2.875 3.0
354.751 3.125 0.5
354.751 3.375 0.5
354.751 3.625 -1.0
354.751 3.875 -1.0
354.751 4.125 2.5
354.751 4.375 2.5
354.751 4.625 5.5
354.751 4.875 5.5
355.248 2.125 5.5
355.248 2.375 5.5
355.248 2.625 6.0
355.248 2.875 6.0
355.248 3.125 2.0
355.248 3.375 2.0
355.248 3.625 -2.5
355.248 3.875 -2.5
355.248 4.125 -2.0
355.248 4.375 -2.0
355.248 4.625 5.5
355.248 4.875 5.5
355.746 2.125 5.5
355.746 2.375 5.5
355.746 2.625 5.5
355.746 2.875 5.5
355.746 3.125 4.5
355.746 3.375 4.5
355.746 3.625 4.5
355.746 3.875 4.5
355.746 4.125 5.5
355.746 4.375 5.5
355.746 4.625 5.5
355.746 4.875 5.5
356.262 2.125 5.0
356.262 2.375 5.0
356.262 2.625 5.5
356.262 2.875 5.5
356.262 3.125 5.5
356.262 3.375 5.5
356.262 3.625 5.5
356.262 3.875 5.5
356.262 4.125 6.0
356.262 4.375 6.0
356.262 4.625 5.0
356.262 4.875 5.0
356.756 2.125 4.5
356.756 2.375 4.5
356.756 2.625 5.5
356.756 2.875 5.5
356.756 3.125 5.5
356.756 3.375 5.5
356.756 3.625 5.5
356.756 3.875 5.5
356.756 4.125 5.5
356.756 4.375 5.5
356.756 4.625 5.0
356.756 4.875 5.0
357.262 2.125 5.0
357.262 2.375 5.0
357.262 2.625 5.0
357.262 2.875 5.0
357.262 3.125 6.0
357.262 3.375 6.0
357.262 3.625 5.5
357.262 3.875 5.5
357.262 4.125 6.0
357.262 4.375 6.0
357.262 4.625 6.0
357.262 4.875 6.0
357.745 2.125 5.0
357.745 2.375 5.0
357.745 2.625 5.0
357.745 2.875 5.0
357.745 3.125 5.0
357.745 3.375 5.0
357.745 3.625 5.5
357.745 3.875 5.5
357.745 4.125 5.5
357.745 4.375 5.5
357.745 4.625 5.5
357.745 4.875 5.5
358.248 2.125 5.5
358.248 2.375 5.5
358.248 2.625 5.5
358.248 2.875 5.5
358.248 3.125 6.0
358.248 3.375 6.0
358.248 3.625 6.0
358.248 3.875 6.0
358.248 4.125 5.5
358.248 4.375 5.5
358.248 4.625 6.0
358.248 4.875 6.0
358.77 2.125 5.0
358.77 2.375 5.0
358.77 2.625 5.0
358.77 2.875 5.0
358.77 3.125 6.0
358.77 3.375 6.0
358.77 3.625 5.5
358.77 3.875 5.5
358.77 4.125 5.0
358.77 4.375 5.0
358.77 4.625 5.5
358.77 4.875 5.5
359.25 2.125 4.5
359.25 2.375 4.5
359.25 2.625 4.5
359.25 2.875 4.5
359.25 3.125 5.0
359.25 3.375 5.0
359.25 3.625 6.0
359.25 3.875 6.0
359.25 4.125 5.5
359.25 4.375 5.5
359.25 4.625 6.0
359.25 4.875 6.0
359.75 2.125 4.0
359.75 2.375 4.0
359.75 2.625 4.5
359.75 2.875 4.5
359.75 3.125 4.5
359.75 3.375 4.5
359.75 3.625 6.0
359.75 3.875 6.0
359.75 4.125 6.0
359.75 4.375 6.0
359.75 4.625 5.5
359.75 4.875 5.5
0.249939 2.125 5.0
0.249939 2.375 5.0
0.249939 2.625 5.0
0.249939 2.875 5.0
0.249939 3.125 5.0
0.249939 3.375 5.0
0.249939 3.625 5.0
0.249939 3.875 5.0
0.249939 4.125 6.0
0.249939 4.375 6.0
0.249939 4.625 6.5
0.249939 4.875 6.5
0.769043 2.125 4.5
0.769043 2.375 4.5
0.769043 2.625 4.5
0.769043 2.875 4.5
0.769043 3.125 4.5
0.769043 3.375 4.5
0.769043 3.625 4.5
0.769043 3.875 4.5
0.769043 4.125 5.0
0.769043 4.375 5.0
0.769043 4.625 6.0
0.769043 4.875 6.0
1.26617 2.125 4.5
1.26617 2.375 4.5
1.26617 2.625 4.5
1.26617 2.875 4.5
1.26617 3.125 4.5
1.26617 3.375 4.5
1.26617 3.625 4.5
1.26617 3.875 4.5
1.26617 4.125 5.0
1.26617 4.375 5.0
1.26617 4.625 6.0
1.26617 4.875 6.0
1.75507 2.125 5.0
1.75507 2.375 5.0
1.75507 2.625 5.0
1.75507 2.875 5.0
1.75507 3.125 5.5
1.75507 3.375 5.5
1.75507 3.625 5.5
1.75507 3.875 5.5
1.75507 4.125 5.5
1.75507 4.375 5.5
1.75507 4.625 5.0
1.75507 4.875 5.0
2.24945 2.125 5.5
2.24945 2.375 5.5
2.24945 2.625 5.0
2.24945 2.875 5.0
2.24945 3.125 6.0
2.24945 3.375 6.0
2.24945 3.625 5.0
2.24945 3.875 5.0
2.24945 4.125 5.5
2.24945 4.375 5.5
2.24945 4.625 5.5
2.24945 4.875 5.5
2.74933 2.125 5.0
2.74933 2.375 5.0
2.74933 2.625 5.0
2.74933 2.875 5.0
2.74933 3.125 5.5
2.74933 3.375 5.5
2.74933 3.625 5.5
2.74933 3.875 5.5
2.74933 4.125 5.5
2.74933 4.375 5.5
2.74933 4.625 5.0
2.74933 4.875 5.0
3.2547 2.125 5.0
3.2547 2.375 5.0
3.2547 2.625 5.5
3.2547 2.875 5.5
3.2547 3.125 5.5
3.2547 3.375 5.5
3.2547 3.625 5.0
3.2547 3.875 5.0
3.2547 4.125 5.0
3.2547 4.375 5.0
3.2547 4.625 5.5
3.2547 4.875 5.5
3.7738 2.125 5.0
3.7738 2.375 5.0
3.7738 2.625 5.5
3.7738 2.875 5.5
3.7738 3.125 6.0
3.7738 3.375 6.0
3.7738 3.625 6.0
3.7738 3.875 6.0
3.7738 4.125 4.5
3.7738 4.375 4.5
3.7738 4.625 6.5
3.7738 4.875 6.5
4.26819 2.125 5.0
4.26819 2.375 5.0
4.26819 2.625 5.5
4.26819 2.875 5.5
4.26819 3.125 5.5
4.26819 3.375 5.5
4.26819 3.625 6.0
4.26819 3.875 6.0
4.26819 4.125 5.5
4.26819 4.375 5.5
4.26819 4.625 5.0
4.26819 4.875 5.0
4.75433 2.125 5.0
4.75433 2.375 5.0
4.75433 2.625 5.5
4.75433 2.875 5.5
4.75433 3.125 6.0
4.75433 3.375 6.0
4.75433 3.625 6.0
4.75433 3.875 6.0
4.75433 4.125 6.0
4.75433 4.375 6.0
4.75433 4.625 5.5
4.75433 4.875 5.5
5.25146 2.125 5.0
5.25146 2.375 5.0
5.25146 2.625 5.5
5.25146 2.875 5.5
5.25146 3.125 5.5
5.25146 3.375 5.5
5.25146 3.625 6.0
5.25146 3.875 6.0
5.25146 4.125 5.5
5.25146 4.375 5.5
5.25146 4.625 5.5
5.25146 4.875 5.5
5.7843 2.125 6.0
5.7843 2.375 6.0
5.7843 2.625 6.0
5.7843 2.875 6.0
5.7843 3.125 5.5
5.7843 3.375 5.5
5.7843 3.625 5.5
5.7843 3.875 5.5
5.7843 4.125 6.0
5.7843 4.375 6.0
5.7843 4.625 6.0
5.7843 4.875 6.0
6.25122 2.125 5.5
6.25122 2.375 5.5
6.25122 2.625 5.5
6.25122 2.875 5.5
6.25122 3.125 6.0
6.25122 3.375 6.0
6.25122 3.625 6.0
6.25122 3.875 6.0
6.25122 4.125 6.0
6.25122 4.375 6.0
6.25122 4.625 6.5
6.25122 4.875 6.5
6.7511 2.125 5.5
6.7511 2.375 5.5
6.7511 2.625 5.0
6.7511 2.875 5.0
6.7511 3.125 5.0
6.7511 3.375 5.0
6.7511 3.625 5.0
6.7511 3.875 5.0
6.7511 4.125 5.5
6.7511 4.375 5.5
6.7511 4.625 5.5
6.7511 4.875 5.5
7.26196 2.125 3.5
7.26196 2.375 3.5
7.26196 2.625 5.5
7.26196 2.875 5.5
7.26196 3.125 6.0
7.26196 3.375 6.0
7.26196 3.625 6.0
7.26196 3.875 6.0
7.26196 4.125 6.0
7.26196 4.375 6.0
7.26196 4.625 6.0
7.26196 4.875 6.0
7.76733 2.125 4.5
7.76733 2.375 4.5
7.76733 2.625 5.5
7.76733 2.875 5.5
7.76733 3.125 5.5
7.76733 3.375 5.5
7.76733 3.625 2.0
7.76733 3.875 2.0
7.76733 4.125 2.0
7.76733 4.375 2.0
7.76733 4.625 2.0
7.76733 4.875 2.0
8.25073 2.125 5.0
8.25073 2.375 5.0
8.25073 2.625 5.0
8.25073 2.875 5.0
8.25073 3.125 5.0
8.25073 3.375 5.0
8.25073 3.625 5.0
8.25073 3.875 5.0
8.25073 4.125 5.0
8.25073 4.375 5.0
8.25073 4.625 5.0
8.25073 4.875 5.0
8.75061 2.125 3.0
8.75061 2.375 3.0
8.75061 2.625 5.0
8.75061 2.875 5.0
8.75061 3.125 5.0
8.75061 3.375 5.0
8.75061 3.625 5.0
8.75061 3.875 5.0
8.75061 4.125 5.5
8.75061 4.375 5.5
8.75061 4.625 5.5
8.75061 4.875 5.5
9.25323 2.125 4.5
9.25323 2.375 4.5
9.25323 2.625 5.0
9.25323 2.875 5.0
9.25323 3.125 5.0
9.25323 3.375 5.0
9.25323 3.625 5.0
9.25323 3.875 5.0
9.25323 4.125 5.5
9.25323 4.375 5.5
9.25323 4.625 6.0
9.25323 4.875 6.0
9.75037 2.125 5.0
9.75037 2.375 5.0
9.75037 2.625 5.0
9.75037 2.875 5.0
9.75037 3.125 6.0
9.75037 3.375 6.0
9.75037 3.625 6.0
9.75037 3.875 6.0
9.75037 4.125 6.5
9.75037 4.375 6.5
9.75037 4.625 6.5
9.75037 4.875 6.5
10.2722 2.125 6.0
10.2722 2.375 6.0
10.2722 2.625 4.5
10.2722 2.875 4.5
10.2722 3.125 5.5
10.2722 3.375 5.5
10.2722 3.625 7.5
10.2722 3.875 7.5
10.2722 4.125 -1.5
10.2722 4.375 -1.5
10.2722 4.625 7.5
10.2722 4.875 7.5
10.7584 2.125 4.0
10.7584 2.375 4.0
10.7584 2.625 5.5
10.7584 2.875 5.5
10.7584 3.125 5.5
10.7584 3.375 5.5
10.7584 3.625 6.5
10.7584 3.875 6.5
10.7584 4.125 6.0
10.7584 4.375 6.0
10.7584 4.625 6.5
10.7584 4.875 6.5
11.2473 2.125 3.5
11.2473 2.375 3.5
11.2473 2.625 6.0
11.2473 2.875 6.0
11.2473 3.125 6.5
11.2473 3.375 6.5
11.2473 3.625 6.0
11.2473 3.875 6.0
11.2473 4.125 4.5
11.2473 4.375 4.5
11.2473 4.625 6.5
11.2473 4.875 6.5
11.7719 2.125 5.5
11.7719 2.375 5.5
11.7719 2.625 5.5
11.7719 2.875 5.5
11.7719 3.125 6.0
11.7719 3.375 6.0
11.7719 3.625 5.5
11.7719 3.875 5.5
11.7719 4.125 5.5
11.7719 4.375 5.5
11.7719 4.625 7.0
11.7719 4.875 7.0
12.291 2.125 5.5
12.291 2.375 5.5
12.291 2.625 6.5
12.291 2.875 6.5
12.291 3.125 6.0
12.291 3.375 6.0
12.291 3.625 5.5
12.291 3.875 5.5
12.291 4.125 4.5
12.291 4.375 4.5
12.291 4.625 4.0
12.291 4.875 4.0
12.7551 2.125 5.5
12.7551 2.375 5.5
12.7551 2.625 5.5
12.7551 2.875 5.5
12.7551 3.125 5.0
12.7551 3.375 5.0
12.7551 3.625 -1.5
12.7551 3.875 -1.5
12.7551 4.125 3.5
12.7551 4.375 3.5
12.7551 4.625 3.5
12.7551 4.875 3.5
13.2495 2.125 5.5
13.2495 2.375 5.5
13.2495 2.625 5.5
13.2495 2.875 5.5
13.2495 3.125 5.0
13.2495 3.375 5.0
13.2495 3.625 -1.0
13.2495 3.875 -1.0
13.2495 4.125 0.5
13.2495 4.375 0.5
13.2495 4.625 1.0
13.2495 4.875 1.0
13.7411 2.125 5.5
13.7411 2.375 5.5
13.7411 2.625 5.0
13.7411 2.875 5.0
13.7411 3.125 4.5
13.7411 3.375 4.5
13.7411 3.625 4.5
13.7411 3.875 4.5
13.7411 4.125 5.0
13.7411 4.375 5.0
13.7411 4.625 5.5
13.7411 4.875 5.5
14.2465 2.125 4.5
14.2465 2.375 4.5
14.2465 2.625 5.0
14.2465 2.875 5.0
14.2465 3.125 5.0
14.2465 3.375 5.0
14.2465 3.625 2.0
14.2465 3.875 2.0
14.2465 4.125 2.0
14.2465 4.375 2.0
14.2465 4.625 2.0
14.2465 4.875 2.0
14.7739 2.125 5.0
14.7739 2.375 5.0
14.7739 2.625 5.0
14.7739 2.875 5.0
14.7739 3.125 5.0
14.7739 3.375 5.0
14.7739 3.625 5.0
14.7739 3.875 5.0
14.7739 4.125 5.0
14.7739 4.375 5.0
14.7739 4.625 5.0
14.7739 4.875 5.0
15.2408 2.125 5.0
15.2408 2.375 5.0
15.2408 2.625 5.5
15.2408 2.875 5.5
15.2408 3.125 5.5
15.2408 3.375 5.5
15.2408 3.625 0.0
15.2408 3.875 0.0
15.2408 4.125 1.5
15.2408 4.375 1.5
15.2408 4.625 1.5
15.2408 4.875 1.5
15.7462 2.125 3.0
15.7462 2.375 3.0
15.7462 2.625 5.0
15.7462 2.875 5.0
15.7462 3.125 5.0
15.7462 3.375 5.0
15.7462 3.625 4.5
15.7462 3.875 4.5
15.7462 4.125 1.5
15.7462 4.375 1.5
15.7462 4.625 1.5
15.7462 4.875 1.5
16.2762 2.125 3.5
16.2762 2.375 3.5
16.2762 2.625 6.0
16.2762 2.875 6.0
16.2762 3.125 5.5
16.2762 3.375 5.5
16.2762 3.625 5.5
16.2762 3.875 5.5
16.2762 4.125 7.0
16.2762 4.375 7.0
16.2762 4.625 0.5
16.2762 4.875 0.5
16.7569 2.125 5.0
16.7569 2.375 5.0
16.7569 2.625 5.5
16.7569 2.875 5.5
16.7569 3.125 5.5
16.7569 3.375 5.5
16.7569 3.625 5.5
16.7569 3.875 5.5
16.7569 4.125 5.0
16.7569 4.375 5.0
16.7569 4.625 0.5
16.7569 4.875 0.5
17.2513 2.125 4.5
17.2513 2.375 4.5
17.2513 2.625 5.5
17.2513 2.875 5.5
17.2513 3.125 5.0
17.2513 3.375 5.0
17.2513 3.625 5.0
17.2513 3.875 5.0
17.2513 4.125 4.0
17.2513 4.375 4.0
17.2513 4.625 2.5
17.2513 4.875 2.5
17.7402 2.125 5.0
17.7402 2.375 5.0
17.7402 2.625 5.0
17.7402 2.875 5.0
17.7402 3.125 5.0
17.7402 3.375 5.0
17.7402 3.625 5.5
17.7402 3.875 5.5
17.7402 4.125 5.0
17.7402 4.375 5.0
17.7402 4.625 3.0
17.7402 4.875 3.0
18.273 2.125 5.0
18.273 2.375 5.0
18.273 2.625 5.0
18.273 2.875 5.0
18.273 3.125 5.0
18.273 3.375 5.0
18.273 3.625 5.0
18.273 3.875 5.0
18.273 4.125 5.5
18.273 4.375 5.5
18.273 4.625 5.5
18.273 4.875 5.5
18.7756 2.125 4.0
18.7756 2.375 4.0
18.7756 2.625 4.5
18.7756 2.875 4.5
18.7756 3.125 4.5
18.7756 3.375 4.5
18.7756 3.625 5.0
18.7756 3.875 5.0
18.7756 4.125 5.0
18.7756 4.375 5.0
18.7756 4.625 6.0
18.7756 4.875 6.0
19.2453 2.125 4.0
19.2453 2.375 4.0
19.2453 2.625 4.5
19.2453 2.875 4.5
19.2453 3.125 5.5
19.2453 3.375 5.5
19.2453 3.625 5.5
19.2453 3.875 5.5
19.2453 4.125 6.0
19.2453 4.375 6.0
19.2453 4.625 6.5
19.2453 4.875 6.5
19.7479 2.125 4.0
19.7479 2.375 4.0
19.7479 2.625 4.5
19.7479 2.875 4.5
19.7479 3.125 4.5
19.7479 3.375 4.5
19.7479 3.625 5.0
19.7479 3.875 5.0
19.7479 4.125 5.0
19.7479 4.375 5.0
19.7479 4.625 5.0
19.7479 4.875 5.0
20.2505 2.125 4.5
20.2505 2.375 4.5
20.2505 2.625 5.0
20.2505 2.875 5.0
20.2505 3.125 5.0
20.2505 3.375 5.0
20.2505 3.625 5.0
20.2505 3.875 5.0
20.2505 4.125 5.0
20.2505 4.375 5.0
20.2505 4.625 5.0
20.2505 4.875 5.0
20.7532 2.125 4.5
20.7532 2.375 4.5
20.7532 2.625 5.0
20.7532 2.875 5.0
20.7532 3.125 5.0
20.7532 3.375 5.0
20.7532 3.625 5.0
20.7532 3.875 5.0
20.7532 4.125 5.5
20.7532 4.375 5.5
20.7532 4.625 5.0
20.7532 4.875 5.0
21.2448 2.125 4.5
21.2448 2.375 4.5
21.2448 2.625 4.5
21.2448 2.875 4.5
21.2448 3.125 4.5
21.2448 3.375 4.5
21.2448 3.625 4.5
21.2448 3.875 4.5
21.2448 4.125 4.5
21.2448 4.375 4.5
21.2448 4.625 5.0
21.2448 4.875 5.0
21.7502 2.125 4.5
21.7502 2.375 4.5
21.7502 2.625 5.0
21.7502 2.875 5.0
21.7502 3.125 5.5
21.7502 3.375 5.5
21.7502 3.625 5.0
21.7502 3.875 5.0
21.7502 4.125 5.0
21.7502 4.375 5.0
21.7502 4.625 5.0
21.7502 4.875 5.0
22.283 2.125 5.0
22.283 2.375 5.0
22.283 2.625 5.5
22.283 2.875 5.5
22.283 3.125 5.5
22.283 3.375 5.5
22.283 3.625 5.0
22.283 3.875 5.0
22.283 4.125 6.0
22.283 4.375 6.0
22.283 4.625 6.0
22.283 4.875 6.0
22.7499 2.125 5.0
22.7499 2.375 5.0
22.7499 2.625 5.0
22.7499 2.875 5.0
22.7499 3.125 5.5
22.7499 3.375 5.5
22.7499 3.625 5.5
22.7499 3.875 5.5
22.7499 4.125 5.5
22.7499 4.375 5.5
22.7499 4.625 5.5
22.7499 4.875 5.5
23.2526 2.125 5.5
23.2526 2.375 5.5
23.2526 2.625 5.5
23.2526 2.875 5.5
23.2526 3.125 5.0
23.2526 3.375 5.0
23.2526 3.625 5.0
23.2526 3.875 5.0
23.2526 4.125 5.0
23.2526 4.375 5.0
23.2526 4.625 5.0
23.2526 4.875 5.0
23.7717 2.125 4.5
23.7717 2.375 4.5
23.7717 2.625 4.5
23.7717 2.875 4.5
23.7717 3.125 4.5
23.7717 3.375 4.5
23.7717 3.625 4.5
23.7717 3.875 4.5
23.7717 4.125 5.0
23.7717 4.375 5.0
23.7717 4.625 5.5
23.7717 4.875 5.5
24.2523 2.125 5.5
24.2523 2.375 5.5
24.2523 2.625 5.0
24.2523 2.875 5.0
24.2523 3.125 5.0
24.2523 3.375 5.0
24.2523 3.625 5.5
24.2523 3.875 5.5
24.2523 4.125 5.5
24.2523 4.375 5.5
24.2523 4.625 6.0
24.2523 4.875 6.0
24.7522 2.125 5.0
24.7522 2.375 5.0
24.7522 2.625 5.0
24.7522 2.875 5.0
24.7522 3.125 5.5
24.7522 3.375 5.5
24.7522 3.625 5.0
24.7522 3.875 5.0
24.7522 4.125 5.0
24.7522 4.375 5.0
24.7522 4.625 5.5
24.7522 4.875 5.5
25.2823 2.125 4.0
25.2823 2.375 4.0
25.2823 2.625 5.0
25.2823 2.875 5.0
25.2823 3.125 5.0
25.2823 3.375 5.0
25.2823 3.625 4.5
25.2823 3.875 4.5
25.2823 4.125 5.5
25.2823 4.375 5.5
25.2823 4.625 5.5
25.2823 4.875 5.5
25.7629 2.125 4.5
25.7629 2.375 4.5
25.7629 2.625 5.0
25.7629 2.875 5.0
25.7629 3.125 5.0
25.7629 3.375 5.0
25.7629 3.625 5.5
25.7629 3.875 5.5
25.7629 4.125 5.5
25.7629 4.375 5.5
25.7629 4.625 5.5
25.7629 4.875 5.5
26.2518 2.125 5.0
26.2518 2.375 5.0
26.2518 2.625 5.5
26.2518 2.875 5.5
26.2518 3.125 5.5
26.2518 3.375 5.5
26.2518 3.625 5.5
26.2518 3.875 5.5
26.2518 4.125 5.5
26.2518 4.375 5.5
26.2518 4.625 5.5
26.2518 4.875 5.5
26.7517 2.125 4.5
26.7517 2.375 4.5
26.7517 2.625 5.0
26.7517 2.875 5.0
26.7517 3.125 5.0
26.7517 3.375 5.0
26.7517 3.625 5.0
26.7517 3.875 5.0
26.7517 4.125 5.0
26.7517 4.375 5.0
26.7517 4.625 5.5
26.7517 4.875 5.5
27.2845 2.125 3.5
27.2845 2.375 3.5
27.2845 2.625 5.0
27.2845 2.875 5.0
27.2845 3.125 4.5
27.2845 3.375 4.5
27.2845 3.625 5.0
27.2845 3.875 5.0
27.2845 4.125 5.0
27.2845 4.375 5.0
27.2845 4.625 5.0
27.2845 4.875 5.0
27.7597 2.125 4.5
27.7597 2.375 4.5
27.7597 2.625 5.0
27.7597 2.875 5.0
27.7597 3.125 5.0
27.7597 3.375 5.0
27.7597 3.625 5.0
27.7597 3.875 5.0
27.7597 4.125 5.0
27.7597 4.375 5.0
27.7597 4.625 5.0
27.7597 4.875 5.0
28.2486 2.125 4.0
28.2486 2.375 4.0
28.2486 2.625 5.0
28.2486 2.875 5.0
28.2486 3.125 5.0
28.2486 3.375 5.0
28.2486 3.625 5.0
28.2486 3.875 5.0
28.2486 4.125 5.0
28.2486 4.375 5.0
28.2486 4.625 5.0
28.2486 4.875 5.0
28.7512 2.125 9.5
28.7512 2.375 9.5
28.7512 2.625 5.5
28.7512 2.875 5.5
28.7512 3.125 5.5
28.7512 3.375 5.5
28.7512 3.625 5.5
28.7512 3.875 5.5
28.7512 4.125 5.5
28.7512 4.375 5.5
28.7512 4.625 5.0
28.7512 4.875 5.0
29.2538 2.125 9.0
29.2538 2.375 9.0
29.2538 2.625 9.5
29.2538 2.875 9.5
29.2538 3.125 9.5
29.2538 3.375 9.5
29.2538 3.625 9.5
29.2538 3.875 9.5
29.2538 4.125 9.5
29.2538 4.375 9.5
29.2538 4.625 9.5
29.2538 4.875 9.5
29.751 2.125 3.0
29.751 2.375 3.0
29.751 2.625 3.5
29.751 2.875 3.5
29.751 3.125 11.0
29.751 3.375 11.0
29.751 3.625 11.0
29.751 3.875 11.0
29.751 4.125 11.0
29.751 4.375 11.0
29.751 4.625 11.0
29.751 4.875 11.0
30.2783 2.125 2.5
30.2783 2.375 2.5
30.2783 2.625 3.0
30.2783 2.875 3.0
30.2783 3.125 5.0
30.2783 3.375 5.0
30.2783 3.625 5.0
30.2783 3.875 5.0
30.2783 4.125 5.0
30.2783 4.375 5.0
30.2783 4.625 5.0
30.2783 4.875 5.0
30.715 2.125 3.0
30.715 2.375 3.0
30.715 2.625 3.0
30.715 2.875 3.0
30.715 3.125 11.0
30.715 3.375 11.0
30.715 3.625 11.0
30.715 3.875 11.0
30.715 4.125 11.0
30.715 4.375 11.0
30.715 4.625 11.0
30.715 4.875 11.0
31.2479 2.125 10.5
31.2479 2.375 10.5
31.2479 2.625 5.0
31.2479 2.875 5.0
31.2479 3.125 5.0
31.2479 3.375 5.0
31.2479 3.625 5.5
31.2479 3.875 5.5
31.2479 4.125 5.5
31.2479 4.375 5.5
31.2479 4.625 5.5
31.2479 4.875 5.5
31.7807 2.125 5.0
31.7807 2.375 5.0
31.7807 2.625 5.0
31.7807 2.875 5.0
31.7807 3.125 4.0
31.7807 3.375 4.0
31.7807 3.625 5.0
31.7807 3.875 5.0
31.7807 4.125 5.0
31.7807 4.375 5.0
31.7807 4.625 5.0
31.7807 4.875 5.0
32.2504 2.125 5.0
32.2504 2.375 5.0
32.2504 2.625 4.5
32.2504 2.875 4.5
32.2504 3.125 4.5
32.2504 3.375 4.5
32.2504 3.625 5.0
32.2504 3.875 5.0
32.2504 4.125 4.5
32.2504 4.375 4.5
32.2504 4.625 4.5
32.2504 4.875 4.5
32.7557 2.125 5.0
32.7557 2.375 5.0
32.7557 2.625 4.5
32.7557 2.875 4.5
32.7557 3.125 4.5
32.7557 3.375 4.5
32.7557 3.625 4.5
32.7557 3.875 4.5
32.7557 4.125 4.5
32.7557 4.375 4.5
32.7557 4.625 4.5
32.7557 4.875 4.5
33.2831 2.125 5.0
33.2831 2.375 5.0
33.2831 2.625 4.5
33.2831 2.875 4.5
33.2831 3.125 4.5
33.2831 3.375 4.5
33.2831 3.625 4.5
33.2831 3.875 4.5
33.2831 4.125 4.5
33.2831 4.375 4.5
33.2831 4.625 4.5
33.2831 4.875 4.5
33.7473 2.125 5.0
33.7473 2.375 5.0
33.7473 2.625 5.0
33.7473 2.875 5.0
33.7473 3.125 5.0
33.7473 3.375 5.0
33.7473 3.625 5.0
33.7473 3.875 5.0
33.7473 4.125 5.0
33.7473 4.375 5.0
33.7473 4.625 5.0
33.7473 4.875 5.0
34.2526 2.125 5.0
34.2526 2.375 5.0
34.2526 2.625 4.5
34.2526 2.875 4.5
34.2526 3.125 4.5
34.2526 3.375 4.5
34.2526 3.625 4.5
34.2526 3.875 4.5
34.2526 4.125 4.5
34.2526 4.375 4.5
34.2526 4.625 5.0
34.2526 4.875 5.0
34.7552 2.125 4.0
34.7552 2.375 4.0
34.7552 2.625 4.0
34.7552 2.875 4.0
34.7552 3.125 4.5
34.7552 3.375 4.5
34.7552 3.625 4.5
34.7552 3.875 4.5
34.7552 4.125 4.5
34.7552 4.375 4.5
34.7552 4.625 4.5
34.7552 4.875 4.5
35.2469 2.125 4.5
35.2469 2.375 4.5
35.2469 2.625 4.5
35.2469 2.875 4.5
35.2469 3.125 4.5
35.2469 3.375 4.5
35.2469 3.625 4.5
35.2469 3.875 4.5
35.2469 4.125 4.5
35.2469 4.375 4.5
35.2469 4.625 4.5
35.2469 4.875 4.5
35.777 2.125 4.5
35.777 2.375 4.5
35.777 2.625 4.5
35.777 2.875 4.5
35.777 3.125 4.5
35.777 3.375 4.5
35.777 3.625 4.5
35.777 3.875 4.5
35.777 4.125 4.5
35.777 4.375 4.5
35.777 4.625 4.5
35.777 4.875 4.5
36.2521 2.125 4.0
36.2521 2.375 4.0
36.2521 2.625 4.5
36.2521 2.875 4.5
36.2521 3.125 4.5
36.2521 3.375 4.5
36.2521 3.625 4.5
36.2521 3.875 4.5
36.2521 4.125 4.5
36.2521 4.375 4.5
36.2521 4.625 4.5
36.2521 4.875 4.5
36.7465 2.125 3.5
36.7465 2.375 3.5
36.7465 2.625 4.5
36.7465 2.875 4.5
36.7465 3.125 4.5
36.7465 3.375 4.5
36.7465 3.625 4.5
36.7465 3.875 4.5
36.7465 4.125 4.5
36.7465 4.375 4.5
36.7465 4.625 4.5
36.7465 4.875 4.5
37.2491 2.125 4.0
37.2491 2.375 4.0
37.2491 2.625 3.5
37.2491 2.875 3.5
37.2491 3.125 4.0
37.2491 3.375 4.0
37.2491 3.625 4.5
37.2491 3.875 4.5
37.2491 4.125 4.5
37.2491 4.375 4.5
37.2491 4.625 4.0
37.2491 4.875 4.0
37.749 2.125 4.0
37.749 2.375 4.0
37.749 2.625 4.0
37.749 2.875 4.0
37.749 3.125 4.0
37.749 3.375 4.0
37.749 3.625 4.5
37.749 3.875 4.5
37.749 4.125 4.5
37.749 4.375 4.5
37.749 4.625 4.0
37.749 4.875 4.0
38.2462 2.125 -5.0
38.2462 2.375 -5.0
38.2462 2.625 -5.0
38.2462 2.875 -5.0
38.2462 3.125 -5.0
38.2462 3.375 -5.0
38.2462 3.625 -5.0
38.2462 3.875 -5.0
38.2462 4.125 -5.0
38.2462 4.375 -5.0
38.2462 4.625 -5.0
38.2462 4.875 -5.0
38.7708 2.125 3.5
38.7708 2.375 3.5
38.7708 2.625 4.0
38.7708 2.875 4.0
38.7708 3.125 4.0
38.7708 3.375 4.0
38.7708 3.625 4.0
38.7708 3.875 4.0
38.7708 4.125 4.5
38.7708 4.375 4.5
38.7708 4.625 4.0
38.7708 4.875 4.0
39.2459 2.125 4.0
39.2459 2.375 4.0
39.2459 2.625 9.5
39.2459 2.875 9.5
39.2459 3.125 10.5
39.2459 3.375 10.5
39.2459 3.625 10.5
39.2459 3.875 10.5
39.2459 4.125 10.5
39.2459 4.375 10.5
39.2459 4.625 10.0
39.2459 4.875 10.0
39.7458 2.125 4.0
39.7458 2.375 4.0
39.7458 2.625 11.0
39.7458 2.875 11.0
39.7458 3.125 11.0
39.7458 3.375 11.0
39.7458 3.625 11.0
39.7458 3.875 11.0
39.7458 4.125 11.0
39.7458 4.375 11.0
39.7458 4.625 11.0
39.7458 4.875 11.0
40.2621 2.125 3.5
40.2621 2.375 3.5
40.2621 2.625 10.0
40.2621 2.875 10.0
40.2621 3.125 10.5
40.2621 3.375 10.5
40.2621 3.625 11.0
40.2621 3.875 11.0
40.2621 4.125 11.0
40.2621 4.375 11.0
40.2621 4.625 10.5
40.2621 4.875 10.5
40.762 2.125 3.5
40.762 2.375 3.5
40.762 2.625 3.5
40.762 2.875 3.5
40.762 3.125 3.5
40.762 3.375 3.5
40.762 3.625 3.5
40.762 3.875 3.5
40.762 4.125 4.0
40.762 4.375 4.0
40.762 4.625 5.5
40.762 4.875 5.5
41.2619 2.125 4.0
41.2619 2.375 4.0
41.2619 2.625 4.0
41.2619 2.875 4.0
41.2619 3.125 4.0
41.2619 3.375 4.0
41.2619 3.625 4.0
41.2619 3.875 4.0
41.2619 4.125 4.5
41.2619 4.375 4.5
41.2619 4.625 5.0
41.2619 4.875 5.0
41.748 2.125 4.5
41.748 2.375 4.5
41.748 2.625 4.5
41.748 2.875 4.5
41.748 3.125 4.5
41.748 3.375 4.5
41.748 3.625 4.5
41.748 3.875 4.5
41.748 4.125 4.5
41.748 4.375 4.5
41.748 4.625 5.0
41.748 4.875 5.0
42.2507 2.125 4.0
42.2507 2.375 4.0
42.2507 2.625 4.0
42.2507 2.875 4.0
42.2507 3.125 4.0
42.2507 3.375 4.0
42.2507 3.625 4.0
42.2507 3.875 4.0
42.2507 4.125 3.5
42.2507 4.375 3.5
42.2507 4.625 4.5
42.2507 4.875 4.5
42.778 2.125 4.5
42.778 2.375 4.5
42.778 2.625 4.5
42.778 2.875 4.5
42.778 3.125 4.5
42.778 3.375 4.5
42.778 3.625 4.0
42.778 3.875 4.0
42.778 4.125 3.5
42.778 4.375 3.5
42.778 4.625 3.5
42.778 4.875 3.5
43.2449 2.125 4.0
43.2449 2.375 4.0
43.2449 2.625 4.0
43.2449 2.875 4.0
43.2449 3.125 4.0
43.2449 3.375 4.0
43.2449 3.625 4.0
43.2449 3.875 4.0
43.2449 4.125 4.0
43.2449 4.375 4.0
43.2449 4.625 4.5
43.2449 4.875 4.5
43.7476 2.125 4.0
43.7476 2.375 4.0
43.7476 2.625 4.0
43.7476 2.875 4.0
43.7476 3.125 4.5
43.7476 3.375 4.5
43.7476 3.625 4.5
43.7476 3.875 4.5
43.7476 4.125 4.5
43.7476 4.375 4.5
43.7476 4.625 4.0
43.7476 4.875 4.0
44.2639 2.125 4.0
44.2639 2.375 4.0
44.2639 2.625 4.0
44.2639 2.875 4.0
44.2639 3.125 4.0
44.2639 3.375 4.0
44.2639 3.625 4.5
44.2639 3.875 4.5
44.2639 4.125 5.0
44.2639 4.375 5.0
44.2639 4.625 4.5
44.2639 4.875 4.5
44.7198 2.125 4.5
44.7198 2.375 4.5
44.7198 2.625 4.5
44.7198 2.875 4.5
44.7198 3.125 4.5
44.7198 3.375 4.5
44.7198 3.625 4.5
44.7198 3.875 4.5
44.7198 4.125 4.5
44.7198 4.375 4.5
44.7198 4.625 5.0
44.7198 4.875 5.0
45.2527 2.125 4.0
45.2527 2.375 4.0
45.2527 2.625 4.0
45.2527 2.875 4.0
45.2527 3.125 4.0
45.2527 3.375 4.0
45.2527 3.625 4.0
45.2527 3.875 4.0
45.2527 4.125 4.0
45.2527 4.375 4.0
45.2527 4.625 5.0
45.2527 4.875 5.0
45.7718 2.125 4.0
45.7718 2.375 4.0
45.7718 2.625 4.0
45.7718 2.875 4.0
45.7718 3.125 4.0
45.7718 3.375 4.0
45.7718 3.625 3.5
45.7718 3.875 3.5
45.7718 4.125 3.0
45.7718 4.375 3.0
45.7718 4.625 4.5
45.7718 4.875 4.5
46.2552 2.125 4.0
46.2552 2.375 4.0
46.2552 2.625 4.0
46.2552 2.875 4.0
46.2552 3.125 4.0
46.2552 3.375 4.0
46.2552 3.625 4.0
46.2552 3.875 4.0
46.2552 4.125 4.0
46.2552 4.375 4.0
46.2552 4.625 5.5
46.2552 4.875 5.5
46.7551 2.125 4.0
46.7551 2.375 4.0
46.7551 2.625 4.0
46.7551 2.875 4.0
46.7551 3.125 4.0
46.7551 3.375 4.0
46.7551 3.625 4.0
46.7551 3.875 4.0
46.7551 4.125 4.0
46.7551 4.375 4.0
46.7551 4.625 5.0
46.7551 4.875 5.0
47.2522 2.125 3.5
47.2522 2.375 3.5
47.2522 2.625 3.5
47.2522 2.875 3.5
47.2522 3.125 3.5
47.2522 3.375 3.5
47.2522 3.625 4.0
47.2522 3.875 4.0
47.2522 4.125 4.5
47.2522 4.375 4.5
47.2522 4.625 4.5
47.2522 4.875 4.5
47.7548 2.125 4.0
47.7548 2.375 4.0
47.7548 2.625 4.0
47.7548 2.875 4.0
47.7548 3.125 4.0
47.7548 3.375 4.0
47.7548 3.625 4.0
47.7548 3.875 4.0
47.7548 4.125 5.0
47.7548 4.375 5.0
47.7548 4.625 4.0
47.7548 4.875 4.0
48.2767 2.125 3.0
48.2767 2.375 3.0
48.2767 2.625 3.5
48.2767 2.875 3.5
48.2767 3.125 3.5
48.2767 3.375 3.5
48.2767 3.625 3.5
48.2767 3.875 3.5
48.2767 4.125 4.0
48.2767 4.375 4.0
48.2767 4.625 4.0
48.2767 4.875 4.0
48.7601 2.125 4.0
48.7601 2.375 4.0
48.7601 2.625 4.0
48.7601 2.875 4.0
48.7601 3.125 4.0
48.7601 3.375 4.0
48.7601 3.625 4.5
48.7601 3.875 4.5
48.7601 4.125 4.5
48.7601 4.375 4.5
48.7601 4.625 3.5
48.7601 4.875 3.5
49.2407 2.125 4.0
49.2407 2.375 4.0
49.2407 2.625 4.0
49.2407 2.875 4.0
49.2407 3.125 4.0
49.2407 3.375 4.0
49.2407 3.625 4.5
49.2407 3.875 4.5
49.2407 4.125 3.5
49.2407 4.375 3.5
49.2407 4.625 3.5
49.2407 4.875 3.5
49.7543 2.125 3.0
49.7543 2.375 3.0
49.7543 2.625 3.5
49.7543 2.875 3.5
49.7543 3.125 4.0
49.7543 3.375 4.0
49.7543 3.625 4.5
49.7543 3.875 4.5
49.7543 4.125 4.5
49.7543 4.375 4.5
49.7543 4.625 3.5
49.7543 4.875 3.5
50.2734 2.125 4.0
50.2734 2.375 4.0
50.2734 2.625 4.0
50.2734 2.875 4.0
50.2734 3.125 4.0
50.2734 3.375 4.0
50.2734 3.625 5.0
50.2734 3.875 5.0
50.2734 4.125 4.5
50.2734 4.375 4.5
50.2734 4.625 4.0
50.2734 4.875 4.0
50.7486 2.125 3.5
50.7486 2.375 3.5
50.7486 2.625 4.0
50.7486 2.875 4.0
50.7486 3.125 5.0
50.7486 3.375 5.0
50.7486 3.625 7.5
50.7486 3.875 7.5
50.7486 4.125 5.0
50.7486 4.375 5.0
50.7486 4.625 4.5
50.7486 4.875 4.5
51.254 2.125 5.0
51.254 2.375 5.0
51.254 2.625 7.0
51.254 2.875 7.0
51.254 3.125 8.5
51.254 3.375 8.5
51.254 3.625 9.0
51.254 3.875 9.0
51.254 4.125 7.5
51.254 4.375 7.5
51.254 4.625 4.0
51.254 4.875 4.0
51.7648 2.125 6.5
51.7648 2.375 6.5
51.7648 2.625 8.5
51.7648 2.875 8.5
51.7648 3.125 9.0
51.7648 3.375 9.0
51.7648 3.625 9.5
51.7648 3.875 9.5
51.7648 4.125 7.0
51.7648 4.375 7.0
51.7648 4.625 3.5
51.7648 4.875 3.5
52.2482 2.125 3.5
52.2482 2.375 3.5
52.2482 2.625 4.0
52.2482 2.875 4.0
52.2482 3.125 4.0
52.2482 3.375 4.0
52.2482 3.625 7.0
52.2482 3.875 7.0
52.2482 4.125 3.0
52.2482 4.375 3.0
52.2482 4.625 4.0
52.2482 4.875 4.0
52.7536 2.125 3.5
52.7536 2.375 3.5
52.7536 2.625 3.5
52.7536 2.875 3.5
52.7536 3.125 3.5
52.7536 3.375 3.5
52.7536 3.625 3.5
52.7536 3.875 3.5
52.7536 4.125 4.5
52.7536 4.375 4.5
52.7536 4.625 4.0
52.7536 4.875 4.0
53.248 2.125 3.5
53.248 2.375 3.5
53.248 2.625 3.5
53.248 2.875 3.5
53.248 3.125 4.0
53.248 3.375 4.0
53.248 3.625 4.0
53.248 3.875 4.0
53.248 4.125 4.0
53.248 4.375 4.0
53.248 4.625 4.0
53.248 4.875 4.0
53.7561 2.125 4.0
53.7561 2.375 4.0
53.7561 2.625 3.5
53.7561 2.875 3.5
53.7561 3.125 3.5
53.7561 3.375 3.5
53.7561 3.625 4.5
53.7561 3.875 4.5
53.7561 4.125 4.0
53.7561 4.375 4.0
53.7561 4.625 4.5
53.7561 4.875 4.5
54.223 2.125 3.5
54.223 2.375 3.5
54.223 2.625 4.0
54.223 2.875 4.0
54.223 3.125 4.0
54.223 3.375 4.0
54.223 3.625 4.0
54.223 3.875 4.0
54.223 4.125 3.0
54.223 4.375 3.0
54.223 4.625 4.5
54.223 4.875 4.5
54.7476 2.125 3.5
54.7476 2.375 3.5
54.7476 2.625 3.5
54.7476 2.875 3.5
54.7476 3.125 4.0
54.7476 3.375 4.0
54.7476 3.625 4.0
54.7476 3.875 4.0
54.7476 4.125 4.0
54.7476 4.375 4.0
54.7476 4.625 4.5
54.7476 4.875 4.5
55.2887 2.125 3.5
55.2887 2.375 3.5
55.2887 2.625 3.5
55.2887 2.875 3.5
55.2887 3.125 3.0
55.2887 3.375 3.0
55.2887 3.625 3.5
55.2887 3.875 3.5
55.2887 4.125 4.0
55.2887 4.375 4.0
55.2887 4.625 4.0
55.2887 4.875 4.0
55.7584 2.125 4.0
55.7584 2.375 4.0
55.7584 2.625 2.5
55.7584 2.875 2.5
55.7584 3.125 2.5
55.7584 3.375 2.5
55.7584 3.625 5.5
55.7584 3.875 5.5
55.7584 4.125 6.0
55.7584 4.375 6.0
56.2665 2.125 3.5
56.2665 2.375 3.5
56.2665 2.625 7.0
56.2665 2.875 7.0
56.2665 3.125 7.0
56.2665 3.375 7.0
56.2665 3.625 7.5
56.2665 3.875 7.5
56.2665 4.125 7.5
56.2665 4.375 7.5
56.7526 2.125 3.5
56.7526 2.375 3.5
56.7526 2.625 4.0
56.7526 2.875 4.0
56.7526 3.125 4.0
56.7526 3.375 4.0
56.7526 3.625 8.0
56.7526 3.875 8.0
56.7526 4.125 8.0
56.7526 4.375 8.0
57.2498 2.125 2.5
57.2498 2.375 2.5
57.2498 2.625 6.5
57.2498 2.875 6.5
57.2498 3.125 5.5
57.2498 3.375 5.5
57.2498 3.625 6.5
57.2498 3.875 6.5
57.2498 4.125 7.5
57.2498 4.375 7.5
57.7744 2.125 6.5
57.7744 2.375 6.5
57.7744 2.625 7.5
57.7744 2.875 7.5
57.7744 3.125 7.5
57.7744 3.375 7.5
57.7744 3.625 7.5
57.7744 3.875 7.5
57.7744 4.125 7.5
57.7744 4.375 7.5
58.255 2.125 3.5
58.255 2.375 3.5
58.255 2.625 7.0
58.255 2.875 7.0
58.255 3.125 7.0
58.255 3.375 7.0
58.255 3.625 5.0
58.255 3.875 5.0
58.255 4.125 0.0
58.255 4.375 0.0
58.7466 2.125 3.0
58.7466 2.375 3.0
58.7466 2.625 2.5
58.7466 2.875 2.5
58.7466 3.125 3.0
58.7466 3.375 3.0
58.7466 3.625 2.5
58.7466 3.875 2.5
58.7466 4.125 1.5
58.7466 4.375 1.5
59.263 2.125 3.0
59.263 2.375 3.0
59.263 2.625 3.5
59.263 2.875 3.5
59.263 3.125 3.5
59.263 3.375 3.5
59.263 3.625 3.0
59.263 3.875 3.0
59.263 4.125 1.5
59.263 4.375 1.5
59.7272 2.125 3.5
59.7272 2.375 3.5
59.7272 2.625 2.5
59.7272 2.875 2.5
59.7272 3.125 3.0
59.7272 3.375 3.0
59.7272 3.625 3.0
59.7272 3.875 3.0
59.7272 4.125 3.0
59.7272 4.375 3.0
60.249 2.125 3.5
60.249 2.375 3.5
60.249 2.625 2.0
60.249 2.875 2.0
60.249 3.125 3.0
60.249 3.375 3.0
60.249 3.625 3.0
60.249 3.875 3.0
60.249 4.125 3.0
60.249 4.375 3.0
60.7626 2.125 3.5
60.7626 2.375 3.5
60.7626 2.625 3.5
60.7626 2.875 3.5
60.7626 3.125 3.5
60.7626 3.375 3.5
60.7626 3.625 4.0
60.7626 3.875 4.0
60.7626 4.125 2.0
60.7626 4.375 2.0
61.2625 2.125 3.0
61.2625 2.375 3.0
61.2625 2.625 3.0
61.2625 2.875 3.0
61.2625 3.125 3.5
61.2625 3.375 3.5
61.2625 3.625 4.0
61.2625 3.875 4.0
61.2625 4.125 2.0
61.2625 4.375 2.0
61.2625 4.625 3.5
61.2625 4.875 3.5
61.7569 2.125 2.5
61.7569 2.375 2.5
61.7569 2.625 2.5
61.7569 2.875 2.5
61.7569 3.125 3.0
61.7569 3.375 3.0
61.7569 3.625 2.0
61.7569 3.875 2.0
61.7569 4.125 2.5
61.7569 4.375 2.5
62.2458 2.125 2.5
62.2458 2.375 2.5
62.2458 2.625 2.5
62.2458 2.875 2.5
62.2458 3.125 2.5
62.2458 3.375 2.5
62.2458 3.625 2.0
62.2458 3.875 2.0
62.2458 4.125 2.5
62.2458 4.375 2.5
62.7512 2.125 3.5
62.7512 2.375 3.5
62.7512 2.625 3.5
62.7512 2.875 3.5
62.7512 3.125 2.5
62.7512 3.375 2.5
62.7512 3.625 2.5
62.7512 3.875 2.5
62.7512 4.125 4.0
62.7512 4.375 4.0
63.2455 2.125 3.0
63.2455 2.375 3.0
63.2455 2.625 3.0
63.2455 2.875 3.0
63.2455 3.125 3.5
63.2455 3.375 3.5
63.2455 3.625 3.5
63.2455 3.875 3.5
63.2455 4.125 3.5
63.2455 4.375 3.5
63.7454 2.125 3.0
63.7454 2.375 3.0
63.7454 2.625 3.0
63.7454 2.875 3.0
63.7454 3.125 3.5
63.7454 3.375 3.5
63.7454 3.625 4.0
63.7454 3.875 4.0
63.7454 4.125 3.0
63.7454 4.375 3.0
64.2673 2.125 3.5
64.2673 2.375 3.5
64.2673 2.625 3.5
64.2673 2.875 3.5
64.2673 3.125 3.5
64.2673 3.375 3.5
64.2673 3.625 3.5
64.2673 3.875 3.5
64.2673 4.125 3.5
64.2673 4.375 3.5
64.7644 2.125 4.0
64.7644 2.375 4.0
64.7644 2.625 4.0
64.7644 2.875 4.0
64.7644 3.125 3.5
64.7644 3.375 3.5
64.7644 3.625 3.5
64.7644 3.875 3.5
64.7644 4.125 3.5
64.7644 4.375 3.5
65.2505 2.125 8.0
65.2505 2.375 8.0
65.2505 2.625 8.0
65.2505 2.875 8.0
65.2505 3.125 7.5
65.2505 3.375 7.5
65.2505 3.625 3.0
65.2505 3.875 3.0
65.2505 4.125 3.5
65.2505 4.375 3.5
65.7449 2.125 7.5
65.7449 2.375 7.5
65.7449 2.625 7.5
65.7449 2.875 7.5
65.7449 3.125 7.5
65.7449 3.375 7.5
65.7449 3.625 3.0
65.7449 3.875 3.0
65.7449 4.125 3.0
65.7449 4.375 3.0
66.2476 2.125 7.5
66.2476 2.375 7.5
66.2476 2.625 7.5
66.2476 2.875 7.5
66.2476 3.125 7.0
66.2476 3.375 7.0
66.2476 3.625 3.0
66.2476 3.875 3.0
66.2476 4.125 3.0
66.2476 4.375 3.0
66.7474 2.125 3.0
66.7474 2.375 3.0
66.7474 2.625 3.0
66.7474 2.875 3.0
66.7474 3.125 3.0
66.7474 3.375 3.0
66.7474 3.625 3.0
66.7474 3.875 3.0
66.7474 4.125 3.0
66.7474 4.375 3.0
67.283 2.125 3.0
67.283 2.375 3.0
67.283 2.625 3.0
67.283 2.875 3.0
67.283 3.125 3.0
67.283 3.375 3.0
67.283 3.625 2.5
67.283 3.875 2.5
67.283 4.125 2.0
67.283 4.375 2.0
67.283 4.625 3.5
67.283 4.875 3.5
67.7554 2.125 3.0
67.7554 2.375 3.0
67.7554 2.625 3.0
67.7554 2.875 3.0
67.7554 3.125 3.0
67.7554 3.375 3.0
67.7554 3.625 2.5
67.7554 3.875 2.5
67.7554 4.125 2.0
67.7554 4.375 2.0
67.7554 4.625 3.5
67.7554 4.875 3.5
68.2498 2.125 2.0
68.2498 2.375 2.0
68.2498 2.625 2.0
68.2498 2.875 2.0
68.2498 3.125 2.5
68.2498 3.375 2.5
68.2498 3.625 2.5
68.2498 3.875 2.5
68.2498 4.125 3.5
68.2498 4.375 3.5
68.2498 4.625 3.0
68.2498 4.875 3.0
68.7827 2.125 4.0
68.7827 2.375 4.0
68.7827 2.625 4.0
68.7827 2.875 4.0
68.7827 3.125 3.5
68.7827 3.375 3.5
68.7827 3.625 3.5
68.7827 3.875 3.5
68.7827 4.125 3.5
68.7827 4.375 3.5
68.7827 4.625 3.5
68.7827 4.875 3.5
69.2661 2.125 2.5
69.2661 2.375 2.5
69.2661 2.625 2.5
69.2661 2.875 2.5
69.2661 3.125 2.5
69.2661 3.375 2.5
69.2661 3.625 2.5
69.2661 3.875 2.5
69.2661 4.125 3.0
69.2661 4.375 3.0
69.2661 4.625 3.0
69.2661 4.875 3.0
69.7385 2.125 3.5
69.7385 2.375 3.5
69.7385 2.625 3.5
69.7385 2.875 3.5
69.7385 3.125 3.0
69.7385 3.375 3.0
69.7385 3.625 3.0
69.7385 3.875 3.0
69.7385 4.125 2.5
69.7385 4.375 2.5
69.7385 4.625 3.0
69.7385 4.875 3.0
70.2521 2.125 3.5
70.2521 2.375 3.5
70.2521 2.625 3.5
70.2521 2.875 3.5
70.2521 3.125 3.5
70.2521 3.375 3.5
70.2521 3.625 3.5
70.2521 3.875 3.5
70.2521 4.125 3.0
70.2521 4.375 3.0
70.2521 4.625 3.0
70.2521 4.875 3.0
70.7684 2.125 3.5
70.7684 2.375 3.5
70.7684 2.625 3.0
70.7684 2.875 3.0
70.7684 3.125 3.0
70.7684 3.375 3.0
70.7684 3.625 3.0
70.7684 3.875 3.0
70.7684 4.125 2.5
70.7684 4.375 2.5
70.7684 4.625 2.5
70.7684 4.875 2.5
71.2518 2.125 1.5
71.2518 2.375 1.5
71.2518 2.625 2.0
71.2518 2.875 2.0
71.2518 3.125 2.0
71.2518 3.375 2.0
71.2518 3.625 2.5
71.2518 3.875 2.5
71.2518 4.125 3.0
71.2518 4.375 3.0
71.2518 4.625 3.0
71.2518 4.875 3.0
71.749 2.125 3.5
71.749 2.375 3.5
71.749 2.625 3.0
71.749 2.875 3.0
71.749 3.125 3.0
71.749 3.375 3.0
71.749 3.625 3.0
71.749 3.875 3.0
71.749 4.125 2.5
71.749 4.375 2.5
71.749 4.625 3.0
71.749 4.875 3.0
72.2818 2.125 3.5
72.2818 2.375 3.5
72.2818 2.625 3.0
72.2818 2.875 3.0
72.2818 3.125 3.0
72.2818 3.375 3.0
72.2818 3.625 2.5
72.2818 3.875 2.5
72.2818 4.125 2.5
72.2818 4.375 2.5
72.2818 4.625 3.0
72.2818 4.875 3.0
72.7515 2.125 2.0
72.7515 2.375 2.0
72.7515 2.625 2.0
72.7515 2.875 2.0
72.7515 3.125 2.5
72.7515 3.375 2.5
72.7515 3.625 3.0
72.7515 3.875 3.0
72.7515 4.125 2.5
72.7515 4.375 2.5
72.7515 4.625 3.0
72.7515 4.875 3.0
73.2486 2.125 3.0
73.2486 2.375 3.0
73.2486 2.625 1.5
73.2486 2.875 1.5
73.2486 3.125 1.5
73.2486 3.375 1.5
73.2486 3.625 2.0
73.2486 3.875 2.0
73.2486 4.125 2.5
73.2486 4.375 2.5
73.2486 4.625 2.5
73.2486 4.875 2.5
73.7869 2.125 2.5
73.7869 2.375 2.5
73.7869 2.625 2.5
73.7869 2.875 2.5
73.7869 3.125 2.5
73.7869 3.375 2.5
73.7869 3.625 2.5
73.7869 3.875 2.5
73.7869 4.125 2.5
73.7869 4.375 2.5
74.2484 2.125 3.5
74.2484 2.375 3.5
74.2484 2.625 3.0
74.2484 2.875 3.0
74.2484 3.125 3.0
74.2484 3.375 3.0
74.2484 3.625 2.0
74.2484 3.875 2.0
74.2484 4.125 2.0
74.2484 4.375 2.0
74.7455 2.125 2.0
74.7455 2.375 2.0
74.7455 2.625 2.0
74.7455 2.875 2.0
74.7455 3.125 2.0
74.7455 3.375 2.0
74.7455 3.625 2.0
74.7455 3.875 2.0
74.7455 4.125 2.0
74.7455 4.375 2.0
75.2509 2.125 2.5
75.2509 2.375 2.5
75.2509 2.625 1.0
75.2509 2.875 1.0
75.2509 3.125 -2.5
75.2509 3.375 -2.5
75.2509 3.625 -3.5
75.2509 3.875 -3.5
75.2509 4.125 -4.5
75.2509 4.375 -4.5
75.7507 2.125 2.5
75.7507 2.375 2.5
75.7507 2.625 1.0
75.7507 2.875 1.0
75.7507 3.125 -3.5
75.7507 3.375 -3.5
75.7507 3.625 -4.5
75.7507 3.875 -4.5
75.7507 4.125 -5.0
75.7507 4.375 -5.0
76.2781 2.125 2.0
76.2781 2.375 2.0
76.2781 2.625 0.5
76.2781 2.875 0.5
76.2781 3.125 -2.0
76.2781 3.375 -2.0
76.2781 3.625 -2.5
76.2781 3.875 -2.5
76.2781 4.125 -3.5
76.2781 4.375 -3.5
76.745 2.125 2.5
76.745 2.375 2.5
76.745 2.625 10.5
76.745 2.875 10.5
76.745 3.125 -2.0
76.745 3.375 -2.0
76.745 3.625 -2.0
76.745 3.875 -2.0
76.745 4.125 -2.0
76.745 4.375 -2.0
77.2504 2.125 3.0
77.2504 2.375 3.0
77.2504 2.625 4.5
77.2504 2.875 4.5
77.2504 3.125 11.5
77.2504 3.375 11.5
77.2504 3.625 12.0
77.2504 3.875 12.0
77.2504 4.125 -2.0
77.2504 4.375 -2.0
77.764 2.125 2.0
77.764 2.375 2.0
77.764 2.625 2.0
77.764 2.875 2.0
77.764 3.125 2.0
77.764 3.375 2.0
77.764 3.625 1.5
77.764 3.875 1.5
77.764 4.125 2.5
77.764 4.375 2.5
78.2556 2.125 2.0
78.2556 2.375 2.0
78.2556 2.625 2.0
78.2556 2.875 2.0
78.2556 3.125 2.0
78.2556 3.375 2.0
78.2556 3.625 3.0
78.2556 3.875 3.0
78.2556 4.125 2.5
78.2556 4.375 2.5
78.7637 2.125 2.5
78.7637 2.375 2.5
78.7637 2.625 2.5
78.7637 2.875 2.5
78.7637 3.125 2.5
78.7637 3.375 2.5
78.7637 3.625 3.0
78.7637 3.875 3.0
78.7637 4.125 1.5
78.7637 4.375 1.5
79.2636 2.125 2.5
79.2636 2.375 2.5
79.2636 2.625 2.5
79.2636 2.875 2.5
79.2636 3.125 2.5
79.2636 3.375 2.5
79.2636 3.625 2.5
79.2636 3.875 2.5
79.2636 4.125 1.5
79.2636 4.375 1.5
79.747 2.125 3.5
79.747 2.375 3.5
79.747 2.625 3.5
79.747 2.875 3.5
79.747 3.125 3.5
79.747 3.375 3.5
79.747 3.625 2.0
79.747 3.875 2.0
79.747 4.125 1.0
79.747 4.375 1.0
80.2469 2.125 2.5
80.2469 2.375 2.5
80.2469 2.625 2.5
80.2469 2.875 2.5
80.2469 3.125 2.5
80.2469 3.375 2.5
80.2469 3.625 1.5
80.2469 3.875 1.5
80.2469 4.125 1.5
80.2469 4.375 1.5
80.7687 2.125 9.5
80.7687 2.375 9.5
80.7687 2.625 9.5
80.7687 2.875 9.5
80.7687 3.125 9.5
80.7687 3.375 9.5
80.7687 3.625 2.0
80.7687 3.875 2.0
80.7687 4.125 1.0
80.7687 4.375 1.0
81.2549 2.125 10.0
81.2549 2.375 10.0
81.2549 2.625 10.0
81.2549 2.875 10.0
81.2549 3.125 10.0
81.2549 3.375 10.0
81.2549 3.625 1.5
81.2549 3.875 1.5
81.2549 4.125 1.0
81.2549 4.375 1.0
81.752 2.125 10.0
81.752 2.375 10.0
81.752 2.625 10.0
81.752 2.875 10.0
81.752 3.125 10.0
81.752 3.375 10.0
81.752 3.625 1.5
81.752 3.875 1.5
81.752 4.125 1.5
81.752 4.375 1.5
82.2794 2.125 11.0
82.2794 2.375 11.0
82.2794 2.625 11.0
82.2794 2.875 11.0
82.2794 3.125 11.0
82.2794 3.375 11.0
82.2794 3.625 1.5
82.2794 3.875 1.5
82.2794 4.125 1.0
82.2794 4.375 1.0
82.749 2.125 1.5
82.749 2.375 1.5
82.749 2.625 3.5
82.749 2.875 3.5
82.749 3.125 10.0
82.749 3.375 10.0
82.749 3.625 10.5
82.749 3.875 10.5
83.2489 2.125 1.5
83.2489 2.375 1.5
83.2489 2.625 10.0
83.2489 2.875 10.0
83.2489 3.125 10.5
83.2489 3.375 10.5
83.2489 3.625 10.5
83.2489 3.875 10.5
83.746 2.125 8.0
83.746 2.375 8.0
83.746 2.625 8.5
83.746 2.875 8.5
83.746 3.125 8.0
83.746 3.375 8.0
83.746 3.625 8.0
83.746 3.875 8.0
83.746 4.125 1.0
83.746 4.375 1.0
84.2514 2.125 8.0
84.2514 2.375 8.0
84.2514 2.625 8.0
84.2514 2.875 8.0
84.2514 3.125 8.0
84.2514 3.375 8.0
84.2514 3.625 8.0
84.2514 3.875 8.0
84.2514 4.125 8.0
84.2514 4.375 8.0
84.2514 4.625 1.0
84.2514 4.875 1.0
84.7733 2.125 8.5
84.7733 2.375 8.5
